0 0 1 0 1 1 0 0 1 1 0 0 0 1 1 1 0 0 0 0 0 0 0 0 0 0 0 0 0 1 0 0 0 1 1 0 0 0 0 0 0 0 4.081833362579346
0 0 1 0 1 1 0 0 1 1 0 0 0 1 1 1 0 0 0 0 0 0 0 0 0 0 0 0 0 1 0 0 1 1 1 0 0 0 0 0 0 0 4.597339153289795
0 0 1 0 1 1 0 0 1 1 0 0 0 1 1 1 0 0 0 0 0 0 0 0 0 0 0 0 1 1 0 0 1 1 1 0 0 0 0 0 0 0 4.882180690765381
0 0 1 0 1 1 0 0 1 1 0 0 0 1 1 1 0 0 0 0 0 0 0 0 0 0 0 0 1 1 0 0 1 1 1 0 0 0 0 1 0 0 5.131969451904297
0 0 1 0 1 1 0 0 1 1 0 0 0 1 1 1 0 1 0 0 0 0 0 0 0 0 0 0 1 1 0 0 1 1 1 0 0 0 0 1 0 0 5.317681789398193
0 0 1 0 1 1 0 0 1 1 0 0 0 0 1 1 0 1 0 0 0 0 0 0 0 0 0 0 1 1 0 0 1 1 1 0 0 0 0 1 0 0 5.4926042556762695
0 0 1 0 1 1 0 0 1 1 1 0 0 0 1 1 0 1 0 0 0 0 0 0 0 0 0 0 1 1 0 0 1 1 1 0 0 0 0 1 0 0 5.6475958824157715
0 0 0 0 1 1 0 0 1 1 1 0 0 0 1 1 0 1 0 0 0 0 0 0 0 0 0 0 1 1 0 0 1 1 1 0 0 0 0 1 0 0 5.798506259918213
0 0 0 0 1 1 0 0 1 1 1 0 0 0 1 1 0 1 0 0 0 0 0 0 0 0 0 1 1 1 0 0 1 1 1 0 0 0 0 1 0 0 5.926662445068359
0 0 0 0 1 1 0 0 1 1 1 0 0 0 1 1 0 1 0 0 0 0 0 0 0 0 0 1 1 1 1 0 1 1 1 0 0 0 0 1 0 0 6.073249340057373
0 0 0 0 1 1 1 0 1 1 1 0 0 0 1 1 0 1 0 0 0 0 0 0 0 0 0 1 1 1 1 0 1 1 1 0 0 0 0 1 0 0 6.21058464050293
0 0 0 0 1 1 1 0 1 1 1 0 0 0 1 1 0 1 0 0 0 0 0 0 0 0 0 1 1 0 1 0 1 1 1 0 0 0 0 1 0 0 6.319263935089111
0 0 0 0 1 1 1 0 1 1 1 0 0 0 1 1 0 1 0 0 0 0 0 0 0 0 0 1 1 0 1 0 1 1 1 0 0 0 1 1 0 0 6.387514591217041
0 0 0 0 1 1 1 0 1 1 1 0 0 0 1 1 0 1 0 0 1 0 0 0 0 0 0 1 1 0 1 0 1 1 1 0 0 0 1 1 0 0 6.429807186126709
0 0 0 0 1 1 1 0 1 1 1 0 0 0 1 1 0 1 0 0 1 0 0 0 0 0 1 1 1 0 1 0 1 1 1 0 0 0 1 1 0 0 6.466458797454834
0 0 0 0 1 1 1 1 1 1 1 0 0 0 1 1 0 1 0 0 1 0 0 0 0 0 1 1 1 0 1 0 1 1 1 0 0 0 1 1 0 0 6.52079963684082
0 0 0 0 1 1 1 1 1 1 1 0 0 0 1 1 0 1 0 0 1 0 0 0 0 0 1 1 1 0 1 0 1 1 1 0 0 0 1 1 1 0 6.529505729675293
0 0 0 0 1 0 1 1 1 1 1 0 0 0 1 1 0 1 0 0 1 0 0 0 0 0 1 1 1 0 1 0 1 1 1 0 0 0 1 1 1 0 6.535216331481934
0 0 0 0 1 1 1 1 1 1 1 0 0 0 1 1 0 1 0 0 1 0 0 0 0 0 1 1 1 0 1 0 1 1 1 0 0 0 1 1 1 0 6.529505729675293
0 0 1 0 1 0 0 0 0 1 1 0 0 0 0 1 0 0 1 0 0 0 0 0 0 1 0 0 0 1 0 0 1 1 0 0 0 0 0 0 0 1 3.8110642433166504
0 0 1 0 1 0 0 0 0 1 1 0 0 0 1 1 0 0 1 0 0 0 0 0 0 1 0 0 0 1 0 0 1 1 0 0 0 0 0 0 0 1 4.18474817276001
0 0 1 0 1 0 0 0 0 1 1 0 0 0 1 1 0 1 1 0 0 0 0 0 0 1 0 0 0 1 0 0 1 1 0 0 0 0 0 0 0 1 4.521356582641602
0 0 1 0 1 0 0 0 0 1 1 0 0 0 1 1 0 1 0 0 0 0 0 0 0 1 0 0 0 1 0 0 1 1 0 0 0 0 0 0 0 1 4.935868263244629
0 0 1 0 1 0 0 0 1 1 1 0 0 0 1 1 0 1 0 0 0 0 0 0 0 1 0 0 0 1 0 0 1 1 0 0 0 0 0 0 0 1 5.235664367675781
0 0 1 0 1 0 0 0 1 1 1 0 0 0 1 1 0 1 0 0 0 0 0 0 0 1 0 0 0 1 0 0 1 1 0 0 0 0 0 0 0 0 5.369253158569336
0 0 1 0 1 0 0 0 1 1 1 0 0 0 1 1 0 1 0 0 0 0 0 0 0 1 0 0 0 1 0 0 1 1 0 0 0 0 0 1 0 0 5.509345054626465
0 0 1 0 1 0 0 0 1 1 1 0 0 0 1 1 0 1 0 0 0 0 0 0 0 1 0 0 0 1 0 0 1 1 0 0 0 0 1 1 0 0 5.721564769744873
0 0 1 0 1 0 0 0 1 1 1 0 0 0 1 1 0 1 0 0 0 0 0 0 0 1 0 0 1 1 0 0 1 1 0 0 0 0 1 1 0 0 5.880760669708252
0 0 0 0 1 0 0 0 1 1 1 0 0 0 1 1 0 1 0 0 0 0 0 0 0 1 0 0 1 1 0 0 1 1 0 0 0 0 1 1 0 0 5.971708297729492
0 0 0 0 1 0 1 0 1 1 1 0 0 0 1 1 0 1 0 0 0 0 0 0 0 1 0 0 1 1 0 0 1 1 0 0 0 0 1 1 0 0 6.032749176025391
0 0 0 0 1 0 1 0 1 1 1 0 1 0 1 1 0 1 0 0 0 0 0 0 0 1 0 0 1 1 0 0 1 1 0 0 0 0 1 1 0 0 6.0494585037231445
0 0 0 0 1 1 1 0 1 1 1 0 1 0 1 1 0 1 0 0 0 0 0 0 0 1 0 0 1 1 0 0 1 1 0 0 0 0 1 1 0 0 6.053115367889404
0 0 0 0 1 0 1 0 1 1 1 0 1 0 1 1 0 1 0 0 0 0 0 0 0 1 0 0 1 1 0 0 1 1 0 0 0 0 1 1 0 0 6.0494585037231445
0 0 0 0 0 1 0 0 1 0 0 0 0 0 0 0 1 1 0 0 1 1 0 0 0 0 0 1 1 0 1 0 0 0 0 1 0 0 0 1 0 0 3.680495023727417
0 0 0 0 0 1 0 0 1 1 0 0 0 0 0 0 1 1 0 0 1 1 0 0 0 0 0 1 1 0 1 0 0 0 0 1 0 0 0 1 0 0 4.1254425048828125
0 0 0 0 1 1 0 0 1 1 0 0 0 0 0 0 1 1 0 0 1 1 0 0 0 0 0 1 1 0 1 0 0 0 0 1 0 0 0 1 0 0 4.468209266662598
0 0 0 0 1 1 0 0 1 1 0 0 0 0 0 0 1 1 0 0 1 1 0 0 0 0 0 1 1 0 1 0 1 0 0 1 0 0 0 1 0 0 4.892312049865723
0 0 0 0 1 1 0 0 1 1 0 0 0 0 0 0 0 1 0 0 1 1 0 0 0 0 0 1 1 0 1 0 1 0 0 1 0 0 0 1 0 0 5.2557806968688965
0 0 0 0 1 1 0 0 1 1 0 0 0 0 0 0 0 1 0 0 1 1 0 0 0 0 0 1 1 0 1 0 1 0 1 1 0 0 0 1 0 0 5.506130695343018
0 0 0 0 1 1 0 0 1 1 0 0 0 0 0 0 0 1 0 0 1 0 0 0 0 0 0 1 1 0 1 0 1 0 1 1 0 0 0 1 0 0 5.7837443351745605
0 0 0 0 1 1 0 0 1 1 0 0 0 0 0 0 0 1 0 0 1 0 0 0 0 0 1 1 1 0 1 0 1 0 1 1 0 0 0 1 0 0 6.041265487670898
0 0 0 0 1 1 0 0 1 1 0 0 0 0 0 0 0 1 0 0 1 0 0 0 0 0 1 1 0 0 1 0 1 0 1 1 0 0 0 1 0 0 6.27769660949707
0 0 0 0 1 1 0 0 1 1 0 0 0 0 1 0 0 1 0 0 1 0 0 0 0 0 1 1 0 0 1 0 1 0 1 1 0 0 0 1 0 0 6.312808036804199
0 0 0 0 1 1 0 0 1 1 1 0 0 0 1 0 0 1 0 0 1 0 0 0 0 0 1 1 0 0 1 0 1 0 1 1 0 0 0 1 0 0 6.427883148193359
0 0 0 0 1 1 0 0 1 1 1 0 0 0 1 0 0 1 0 0 1 0 0 0 0 0 1 1 0 0 1 0 1 0 1 0 0 0 0 1 0 0 6.47136116027832
0 0 0 0 1 1 0 0 1 1 1 1 0 0 1 0 0 1 0 0 1 0 0 0 0 0 1 1 0 0 1 0 1 0 1 0 0 0 0 1 0 0 6.488876819610596
0 0 0 0 1 1 0 0 1 1 1 1 0 0 1 0 0 1 0 0 1 0 0 0 1 0 1 1 0 0 1 0 1 0 1 0 0 0 0 1 0 0 6.48881721496582
0 0 0 0 1 0 0 0 0 0 0 0 0 0 1 1 0 0 1 1 0 0 0 0 0 1 1 0 0 1 0 1 0 1 0 0 0 0 0 0 0 1 3.701887369155884
0 0 0 0 1 0 0 0 1 0 0 0 0 0 1 1 0 0 1 1 0 0 0 0 0 1 1 0 0 1 0 1 0 1 0 0 0 0 0 0 0 1 3.9750421047210693
0 0 0 0 1 0 0 0 1 1 0 0 0 0 1 1 0 0 1 1 0 0 0 0 0 1 1 0 0 1 0 1 0 1 0 0 0 0 0 0 0 1 4.262136459350586
0 0 0 0 1 0 0 0 1 1 0 0 0 0 1 1 0 0 1 1 0 0 0 0 0 1 1 0 1 1 0 1 0 1 0 0 0 0 0 0 0 1 4.54060697555542
0 0 0 0 1 0 1 0 1 1 0 0 0 0 1 1 0 0 1 1 0 0 0 0 0 1 1 0 1 1 0 1 0 1 0 0 0 0 0 0 0 1 4.801004886627197
0 0 0 0 1 0 1 0 1 1 0 0 0 0 1 1 0 1 1 1 0 0 0 0 0 1 1 0 1 1 0 1 0 1 0 0 0 0 0 0 0 1 5.024641513824463
0 0 0 0 1 0 1 0 1 1 0 0 0 0 1 1 0 1 1 1 0 0 0 0 0 1 1 0 1 1 0 1 0 1 0 0 0 0 0 1 0 1 5.103293418884277
0 0 0 0 1 0 1 0 1 1 0 0 0 0 1 1 0 1 1 1 0 0 0 0 0 1 1 0 1 1 0 1 1 1 0 0 0 0 0 1 0 1 5.259393692016602
0 0 0 0 1 0 1 0 1 1 0 0 0 0 1 1 0 1 1 1 0 0 0 0 0 1 0 0 1 1 0 1 1 1 0 0 0 0 0 1 0 1 5.510955333709717
0 0 0 0 1 0 1 0 1 1 1 0 0 0 1 1 0 1 1 1 0 0 0 0 0 1 0 0 1 1 0 1 1 1 0 0 0 0 0 1 0 1 5.6815338134765625
0 0 0 0 1 0 1 0 1 1 1 0 0 0 1 1 0 1 1 1 0 0 0 0 0 1 0 0 1 1 0 1 1 1 1 0 0 0 0 1 0 1 5.822109222412109
0 0 0 0 1 0 1 0 1 1 1 0 0 0 1 1 0 0 1 1 0 0 0 0 0 1 0 0 1 1 0 1 1 1 1 0 0 0 0 1 0 1 5.888920783996582
0 0 0 0 1 0 1 0 1 1 1 0 0 0 1 1 0 0 0 1 0 0 0 0 0 1 0 0 1 1 0 1 1 1 1 0 0 0 0 1 0 1 5.930720329284668
0 0 0 0 1 0 1 0 1 1 1 0 0 0 1 1 0 0 0 1 0 0 0 0 0 1 0 0 1 0 0 1 1 1 1 0 0 0 0 1 0 1 5.933440208435059
0 0 0 0 1 0 1 0 1 1 1 0 0 0 1 1 0 0 0 1 0 0 0 0 0 1 0 0 1 0 0 1 1 1 1 0 0 0 1 1 0 1 6.01837682723999
0 0 0 0 1 0 1 0 1 1 1 0 0 0 1 1 0 0 1 1 0 0 0 0 0 1 0 0 1 0 0 1 1 1 1 0 0 0 1 1 0 1 5.983127117156982
0 0 0 0 1 1 0 0 1 1 0 0 0 1 0 0 1 1 0 0 0 0 0 0 1 0 0 0 0 1 0 0 0 0 1 0 0 0 0 1 0 0 4.2512664794921875
0 0 0 0 1 1 0 0 1 1 0 0 0 1 0 0 1 1 0 0 0 0 0 0 1 0 0 0 0 1 1 0 0 0 1 0 0 0 0 1 0 0 4.549696445465088
0 0 0 0 1 1 0 0 1 1 0 0 0 1 0 0 1 1 0 0 0 0 0 0 1 0 0 0 0 1 1 0 1 0 1 0 0 0 0 1 0 0 4.937756538391113
0 0 0 0 1 1 0 0 1 1 0 0 0 1 0 0 1 1 0 0 0 0 0 0 1 0 0 1 0 1 1 0 1 0 1 0 0 0 0 1 0 0 5.231040000915527
0 0 0 0 1 1 0 0 1 1 0 0 0 1 1 0 1 1 0 0 0 0 0 0 1 0 0 1 0 1 1 0 1 0 1 0 0 0 0 1 0 0 5.473331451416016
0 0 0 0 1 1 0 0 1 1 0 0 0 1 1 0 1 1 0 0 0 0 0 0 1 0 0 1 0 0 1 0 1 0 1 0 0 0 0 1 0 0 5.708475589752197
0 0 0 0 1 1 0 0 1 1 0 0 0 1 1 0 1 1 0 0 1 0 0 0 1 0 0 1 0 0 1 0 1 0 1 0 0 0 0 1 0 0 5.951512813568115
0 0 0 0 1 1 0 0 1 1 1 0 0 1 1 0 1 1 0 0 1 0 0 0 1 0 0 1 0 0 1 0 1 0 1 0 0 0 0 1 0 0 6.16633415222168
0 0 0 0 1 1 0 0 1 1 1 0 0 1 1 0 0 1 0 0 1 0 0 0 1 0 0 1 0 0 1 0 1 0 1 0 0 0 0 1 0 0 6.315642833709717
0 0 0 0 1 1 0 0 1 1 1 0 0 0 1 0 0 1 0 0 1 0 0 0 1 0 0 1 0 0 1 0 1 0 1 0 0 0 0 1 0 0 6.449446678161621
0 0 0 0 1 1 0 0 1 1 1 0 0 0 1 0 0 1 0 0 1 0 0 0 1 0 1 1 0 0 1 0 1 0 1 0 0 0 0 1 0 0 6.457390308380127
0 0 0 0 1 1 0 0 1 1 1 1 0 0 1 0 0 1 0 0 1 0 0 0 1 0 1 1 0 0 1 0 1 0 1 0 0 0 0 1 0 0 6.48881721496582
0 0 0 0 1 1 0 0 1 1 1 1 0 0 1 0 0 1 0 0 1 0 0 0 0 0 1 1 0 0 1 0 1 0 1 0 0 0 0 1 0 0 6.488876819610596
0 0 0 0 1 1 0 0 1 1 1 1 0 0 1 0 0 1 0 0 1 0 0 0 1 0 1 1 0 0 1 0 1 0 1 0 0 0 0 1 0 0 6.48881721496582
0 1 0 0 1 1 0 0 1 0 0 0 0 1 1 1 0 1 0 0 0 0 0 0 0 0 0 0 0 1 0 0 0 1 1 0 0 0 0 0 0 0 4.190280914306641
0 1 0 0 1 1 0 0 1 1 0 0 0 1 1 1 0 1 0 0 0 0 0 0 0 0 0 0 0 1 0 0 0 1 1 0 0 0 0 0 0 0 4.577511787414551
0 1 0 0 1 1 0 0 1 1 0 0 0 1 1 1 0 1 0 0 0 0 0 0 0 0 0 0 0 1 1 0 0 1 1 0 0 0 0 0 0 0 4.825373649597168
0 1 0 0 1 1 0 0 1 1 0 0 0 1 1 1 0 1 0 0 0 0 0 0 0 1 0 0 0 1 1 0 0 1 1 0 0 0 0 0 0 0 5.021697044372559
0 1 0 0 1 1 0 0 1 1 0 0 0 1 1 0 0 1 0 0 0 0 0 0 0 1 0 0 0 1 1 0 0 1 1 0 0 0 0 0 0 0 5.236122131347656
0 1 0 1 1 1 0 0 1 1 0 0 0 1 1 0 0 1 0 0 0 0 0 0 0 1 0 0 0 1 1 0 0 1 1 0 0 0 0 0 0 0 5.354466915130615
0 1 1 1 1 1 0 0 1 1 0 0 0 1 1 0 0 1 0 0 0 0 0 0 0 1 0 0 0 1 1 0 0 1 1 0 0 0 0 0 0 0 5.559902191162109
0 1 1 1 1 1 0 0 1 1 0 0 0 1 0 0 0 1 0 0 0 0 0 0 0 1 0 0 0 1 1 0 0 1 1 0 0 0 0 0 0 0 5.662895202636719
0 1 1 1 1 1 0 0 1 1 0 0 0 1 0 0 0 1 0 0 0 0 0 0 0 1 1 0 0 1 1 0 0 1 1 0 0 0 0 0 0 0 5.75236177444458
0 1 1 1 1 1 0 0 1 1 0 0 0 0 0 0 0 1 0 0 0 0 0 0 0 1 1 0 0 1 1 0 0 1 1 0 0 0 0 0 0 0 5.790521621704102
0 1 1 1 1 1 0 0 1 1 0 0 0 0 0 0 0 1 0 0 0 0 1 0 0 1 1 0 0 1 1 0 0 1 1 0 0 0 0 0 0 0 5.8675994873046875
0 1 1 1 1 1 0 0 1 1 0 0 0 0 0 0 0 1 0 0 0 0 1 0 0 1 1 0 0 1 1 0 0 0 1 0 0 0 0 0 0 0 5.891351699829102
0 1 1 1 1 1 0 0 1 1 0 0 0 0 0 0 1 1 0 0 0 0 1 0 0 1 1 0 0 1 1 0 0 0 1 0 0 0 0 0 0 0 5.9685845375061035
0 1 1 1 1 1 0 0 1 1 0 0 0 0 0 0 1 1 0 0 0 0 1 0 0 1 1 0 0 1 1 0 0 0 1 0 0 0 1 0 0 0 5.9283952713012695
0 1 0 0 1 0 0 0 0 1 1 0 0 0 0 1 0 1 0 0 0 0 0 0 0 0 0 0 1 1 0 0 1 1 1 0 0 0 0 0 0 0 4.889438152313232
0 1 0 0 1 0 0 0 0 1 1 0 0 0 1 1 0 1 0 0 0 0 0 0 0 0 0 0 1 1 0 0 1 1 1 0 0 0 0 0 0 0 5.193515777587891
0 1 0 0 1 0 0 0 0 1 1 0 0 0 1 1 0 1 0 0 0 0 0 0 0 0 0 0 1 1 0 0 1 1 1 0 0 0 0 1 0 0 5.3690643310546875
0 0 0 0 1 0 0 0 0 1 1 0 0 0 1 1 0 1 0 0 0 0 0 0 0 0 0 0 1 1 0 0 1 1 1 0 0 0 0 1 0 0 5.589605331420898
0 0 0 0 1 0 0 0 1 1 1 0 0 0 1 1 0 1 0 0 0 0 0 0 0 0 0 0 1 1 0 0 1 1 1 0 0 0 0 1 0 0 5.74609375
0 0 0 0 1 0 0 0 1 1 1 0 0 0 1 1 0 1 0 0 0 0 0 0 0 0 0 1 1 1 0 0 1 1 1 0 0 0 0 1 0 0 5.9118757247924805
0 0 0 0 1 0 0 0 1 1 1 0 0 0 1 1 0 1 0 0 0 0 0 0 0 0 0 1 1 1 1 0 1 1 1 0 0 0 0 1 0 0 6.023108959197998
0 0 0 0 1 0 1 0 1 1 1 0 0 0 1 1 0 1 0 0 0 0 0 0 0 0 0 1 1 1 1 0 1 1 1 0 0 0 0 1 0 0 6.193702697753906
0 0 0 0 1 0 1 0 1 1 1 0 0 0 1 1 0 1 0 0 0 0 0 0 0 0 0 1 1 0 1 0 1 1 1 0 0 0 0 1 0 0 6.293608665466309
0 0 0 0 1 0 1 0 1 1 1 0 0 0 1 1 0 1 0 0 0 0 0 0 0 0 0 1 1 0 1 0 1 1 1 0 0 0 1 1 0 0 6.389042377471924
0 0 0 0 1 0 1 0 1 1 1 0 0 0 1 1 0 1 0 0 1 0 0 0 0 0 0 1 1 0 1 0 1 1 1 0 0 0 1 1 0 0 6.401103973388672
0 0 0 0 1 0 1 0 1 1 1 0 0 0 1 1 0 1 0 0 1 0 0 0 0 0 1 1 1 0 1 0 1 1 1 0 0 0 1 1 0 0 6.486654758453369
0 0 0 0 1 0 1 1 1 1 1 0 0 0 1 1 0 1 0 0 1 0 0 0 0 0 1 1 1 0 1 0 1 1 1 0 0 0 1 1 0 0 6.526655673980713
0 0 0 0 1 0 1 1 1 1 1 0 0 0 1 1 0 1 0 0 1 0 0 0 0 0 1 1 1 0 1 0 1 1 1 0 0 0 1 1 1 0 6.535216331481934
0 0 0 0 1 1 1 1 1 1 1 0 0 0 1 1 0 1 0 0 1 0 0 0 0 0 1 1 1 0 1 0 1 1 1 0 0 0 1 1 1 0 6.529505729675293
0 0 0 0 1 1 0 0 1 0 0 0 0 0 0 1 1 1 1 0 0 0 0 0 0 0 1 0 0 0 0 0 1 1 1 0 0 0 0 0 0 0 4.089796543121338
0 0 0 0 1 1 0 0 1 0 0 0 0 0 0 1 1 1 1 0 0 0 0 0 0 0 1 0 0 0 1 0 1 1 1 0 0 0 0 0 0 0 4.7042155265808105
0 0 0 0 1 1 0 0 1 1 0 0 0 0 0 1 1 1 1 0 0 0 0 0 0 0 1 0 0 0 1 0 1 1 1 0 0 0 0 0 0 0 5.149253845214844
0 0 0 0 1 1 0 0 1 1 0 0 0 0 0 1 0 1 1 0 0 0 0 0 0 0 1 0 0 0 1 0 1 1 1 0 0 0 0 0 0 0 5.3709869384765625
0 0 0 0 1 1 0 0 1 1 0 0 0 0 0 1 0 1 1 0 0 0 0 0 0 0 1 0 0 0 1 0 1 1 1 0 0 0 0 1 0 0 5.554397106170654
0 0 0 0 1 1 0 0 1 1 0 0 0 0 0 1 0 1 1 0 1 0 0 0 0 0 1 0 0 0 1 0 1 1 1 0 0 0 0 1 0 0 5.844693660736084
0 0 0 0 1 1 0 0 1 1 0 0 0 0 0 1 0 1 1 0 1 0 0 0 0 0 1 1 0 0 1 0 1 1 1 0 0 0 0 1 0 0 6.071540355682373
0 0 0 0 1 1 1 0 1 1 0 0 0 0 0 1 0 1 1 0 1 0 0 0 0 0 1 1 0 0 1 0 1 1 1 0 0 0 0 1 0 0 6.214012622833252
0 0 0 0 1 1 1 1 1 1 0 0 0 0 0 1 0 1 1 0 1 0 0 0 0 0 1 1 0 0 1 0 1 1 1 0 0 0 0 1 0 0 6.332520961761475
0 0 0 0 1 1 1 1 1 1 0 0 0 0 0 0 0 1 1 0 1 0 0 0 0 0 1 1 0 0 1 0 1 1 1 0 0 0 0 1 0 0 6.516005992889404
0 0 0 0 1 1 1 1 1 1 0 1 0 0 0 0 0 1 1 0 1 0 0 0 0 0 1 1 0 0 1 0 1 1 1 0 0 0 0 1 0 0 6.556885719299316
0 0 0 0 1 1 1 1 1 1 0 1 0 0 0 0 0 1 1 0 1 0 1 0 0 0 1 1 0 0 1 0 1 1 1 0 0 0 0 1 0 0 6.593981742858887
0 0 0 0 1 1 1 1 1 1 0 1 0 0 1 0 0 1 1 0 1 0 1 0 0 0 1 1 0 0 1 0 1 1 1 0 0 0 0 1 0 0 6.617882251739502
0 0 0 0 1 1 1 1 1 1 1 1 0 0 1 0 0 1 1 0 1 0 1 0 0 0 1 1 0 0 1 0 1 1 1 0 0 0 0 1 0 0 6.677658557891846
0 0 0 0 1 1 1 1 1 1 1 1 0 0 1 0 0 1 1 0 1 0 1 0 0 0 1 1 1 0 1 0 1 1 1 0 0 0 0 1 0 0 6.657910346984863
0 1 0 0 1 0 0 0 0 1 1 0 0 0 0 1 0 0 1 0 0 0 0 0 0 1 0 0 0 1 0 0 1 1 0 0 0 0 0 0 0 1 3.7969183921813965
0 1 0 0 1 0 0 0 0 1 1 0 0 0 1 1 0 0 1 0 0 0 0 0 0 1 0 0 0 1 0 0 1 1 0 0 0 0 0 0 0 1 4.1566162109375
0 1 0 0 1 0 0 0 0 1 1 0 0 0 1 1 0 1 1 0 0 0 0 0 0 1 0 0 0 1 0 0 1 1 0 0 0 0 0 0 0 1 4.51759147644043
0 1 0 0 1 0 0 0 0 1 1 0 0 0 1 1 0 1 0 0 0 0 0 0 0 1 0 0 0 1 0 0 1 1 0 0 0 0 0 0 0 1 4.922385215759277
0 1 0 0 1 0 0 0 1 1 1 0 0 0 1 1 0 1 0 0 0 0 0 0 0 1 0 0 0 1 0 0 1 1 0 0 0 0 0 0 0 1 5.181877136230469
0 0 0 0 1 0 0 0 1 1 1 0 0 0 1 1 0 1 0 0 0 0 0 0 0 1 0 0 0 1 0 0 1 1 0 0 0 0 0 0 0 1 5.3358941078186035
0 0 0 0 1 0 0 0 1 1 1 0 1 0 1 1 0 1 0 0 0 0 0 0 0 1 0 0 0 1 0 0 1 1 0 0 0 0 0 0 0 1 5.43610143661499
0 0 0 0 1 0 0 0 1 1 1 0 1 0 1 1 0 1 0 0 0 0 0 0 0 1 0 0 0 1 0 0 1 1 0 0 0 0 1 0 0 1 5.566157341003418
0 0 0 0 1 0 0 0 1 1 1 0 1 0 1 1 0 1 0 0 0 0 0 0 0 1 0 0 0 1 0 0 1 1 0 0 0 0 1 1 0 1 5.738994598388672
0 0 0 0 1 0 0 0 1 1 1 0 1 0 1 1 0 1 0 0 0 0 0 0 0 1 0 0 1 1 0 0 1 1 0 0 0 0 1 1 0 1 5.844028472900391
0 0 0 0 1 0 0 0 1 1 1 0 1 0 1 1 0 1 0 0 0 0 0 0 0 1 0 0 1 1 0 0 1 1 0 0 0 0 1 1 0 0 5.948214054107666
0 0 0 0 1 0 1 0 1 1 1 0 1 0 1 1 0 1 0 0 0 0 0 0 0 1 0 0 1 1 0 0 1 1 0 0 0 0 1 1 0 0 6.0494585037231445
0 0 0 0 1 1 1 0 1 1 1 0 1 0 1 1 0 1 0 0 0 0 0 0 0 1 0 0 1 1 0 0 1 1 0 0 0 0 1 1 0 0 6.053115367889404
0 0 0 0 1 0 1 0 1 1 1 0 1 0 1 1 0 1 0 0 0 0 0 0 0 1 0 0 1 1 0 0 1 1 0 0 0 0 1 1 0 0 6.0494585037231445
0 1 0 1 1 1 0 0 0 1 0 0 0 0 0 1 0 1 0 0 0 1 0 0 0 0 0 0 0 0 0 0 1 0 1 0 0 1 0 0 0 0 3.4392645359039307
0 1 0 1 1 1 0 0 0 1 0 0 0 0 0 1 0 1 0 0 0 0 0 0 0 0 0 0 0 0 0 0 1 0 1 0 0 1 0 0 0 0 4.004403591156006
0 1 0 1 1 1 0 0 0 1 0 0 0 0 0 1 0 1 0 0 0 0 0 0 0 0 0 0 0 0 0 0 1 0 1 0 0 0 0 0 0 0 4.525704860687256
0 1 0 1 1 1 0 0 0 1 0 0 0 0 0 1 0 1 0 0 0 0 0 0 0 0 0 0 0 0 1 0 1 0 1 0 0 0 0 0 0 0 4.95164155960083
0 1 0 1 1 1 0 0 0 1 0 0 0 0 0 1 0 1 0 0 0 0 0 0 0 1 0 0 0 0 1 0 1 0 1 0 0 0 0 0 0 0 5.193108081817627
0 1 0 1 1 1 0 0 0 1 0 0 0 0 0 0 0 1 0 0 0 0 0 0 0 1 0 0 0 0 1 0 1 0 1 0 0 0 0 0 0 0 5.449108600616455
0 1 1 1 1 1 0 0 0 1 0 0 0 0 0 0 0 1 0 0 0 0 0 0 0 1 0 0 0 0 1 0 1 0 1 0 0 0 0 0 0 0 5.538666725158691
0 1 1 1 1 1 0 0 0 1 0 0 0 0 0 0 0 1 0 0 0 0 1 0 0 1 0 0 0 0 1 0 1 0 1 0 0 0 0 0 0 0 5.657200813293457
0 1 1 1 1 1 0 0 0 1 0 0 0 0 0 0 0 1 0 0 0 0 1 0 0 1 1 0 0 0 1 0 1 0 1 0 0 0 0 0 0 0 5.727806568145752
0 1 1 1 1 1 0 0 0 1 0 0 0 0 0 0 0 1 0 0 0 0 1 0 0 1 1 0 0 0 1 0 0 0 1 0 0 0 0 0 0 0 5.823721885681152
0 1 1 1 1 1 0 0 1 1 0 0 0 0 0 0 0 1 0 0 0 0 1 0 0 1 1 0 0 0 1 0 0 0 1 0 0 0 0 0 0 0 5.872188568115234
0 1 1 1 1 1 0 0 1 1 0 0 0 0 0 0 0 1 0 0 0 0 1 0 0 1 1 0 0 1 1 0 0 0 1 0 0 0 0 0 0 0 5.891351699829102
0 1 1 1 1 1 0 0 1 1 0 0 0 0 0 0 1 1 0 0 0 0 1 0 0 1 1 0 0 1 1 0 0 0 1 0 0 0 0 0 0 0 5.9685845375061035
0 1 1 1 1 1 0 0 1 1 0 0 0 0 0 0 1 1 0 0 0 0 1 0 0 1 1 0 0 1 1 0 0 0 1 0 0 0 1 0 0 0 5.9283952713012695
0 0 0 0 0 1 0 0 1 0 0 0 0 1 1 0 0 0 1 0 0 0 0 0 1 0 1 0 0 1 1 0 0 1 1 0 0 0 0 0 0 0 3.919987678527832
0 0 0 0 1 1 0 0 1 0 0 0 0 1 1 0 0 0 1 0 0 0 0 0 1 0 1 0 0 1 1 0 0 1 1 0 0 0 0 0 0 0 4.42244291305542
0 0 0 0 1 1 0 0 1 0 0 0 0 1 1 0 0 0 1 0 1 0 0 0 1 0 1 0 0 1 1 0 0 1 1 0 0 0 0 0 0 0 4.758881568908691
0 0 0 0 1 1 0 0 1 1 0 0 0 1 1 0 0 0 1 0 1 0 0 0 1 0 1 0 0 1 1 0 0 1 1 0 0 0 0 0 0 0 5.0414934158325195
0 0 0 0 1 1 0 0 1 1 0 0 0 1 1 0 0 0 1 0 1 0 0 0 1 0 1 0 0 1 1 0 0 1 1 0 0 0 0 1 0 0 5.247386932373047
0 0 0 0 1 1 0 0 1 1 0 0 0 1 1 0 0 1 1 0 1 0 0 0 1 0 1 0 0 1 1 0 0 1 1 0 0 0 0 1 0 0 5.4705305099487305
0 0 0 0 1 1 0 0 1 1 0 0 0 1 1 0 0 1 1 0 1 0 0 0 1 0 1 0 0 0 1 0 0 1 1 0 0 0 0 1 0 0 5.683676242828369
0 0 0 0 1 1 0 0 1 1 0 0 0 0 1 0 0 1 1 0 1 0 0 0 1 0 1 0 0 0 1 0 0 1 1 0 0 0 0 1 0 0 5.979729652404785
0 0 0 0 1 1 0 0 1 1 0 0 0 0 1 0 0 1 1 0 1 0 0 0 1 0 1 1 0 0 1 0 0 1 1 0 0 0 0 1 0 0 6.151564121246338
0 0 0 0 1 1 0 0 1 1 0 1 0 0 1 0 0 1 1 0 1 0 0 0 1 0 1 1 0 0 1 0 0 1 1 0 0 0 0 1 0 0 6.278419494628906
0 0 0 0 1 1 0 0 1 1 0 1 0 0 1 0 0 1 1 0 1 0 0 0 1 0 1 1 0 0 1 0 1 1 1 0 0 0 0 1 0 0 6.4245147705078125
0 0 0 0 1 1 0 1 1 1 0 1 0 0 1 0 0 1 1 0 1 0 0 0 1 0 1 1 0 0 1 0 1 1 1 0 0 0 0 1 0 0 6.4991254806518555
0 0 0 0 1 1 1 1 1 1 0 1 0 0 1 0 0 1 1 0 1 0 0 0 1 0 1 1 0 0 1 0 1 1 1 0 0 0 0 1 0 0 6.524712562561035
0 0 0 0 1 1 1 1 1 1 0 1 0 0 1 0 0 1 1 0 1 0 0 0 1 0 1 1 1 0 1 0 1 1 1 0 0 0 0 1 0 0 6.6844587326049805
0 0 0 0 1 1 1 1 1 1 0 1 0 0 1 0 0 1 1 0 1 0 1 0 1 0 1 1 1 0 1 0 1 1 1 0 0 0 0 1 0 0 6.656988143920898
0 0 1 0 1 0 0 0 0 0 1 0 0 0 1 1 0 0 0 1 1 0 0 0 0 0 0 0 0 1 0 1 1 1 0 0 0 0 0 0 0 0 3.7612452507019043
0 0 1 0 1 0 0 0 0 1 1 0 0 0 1 1 0 0 0 1 1 0 0 0 0 0 0 0 0 1 0 1 1 1 0 0 0 0 0 0 0 0 4.32952880859375
0 0 1 0 1 0 0 0 0 1 1 0 0 0 1 1 0 1 0 1 1 0 0 0 0 0 0 0 0 1 0 1 1 1 0 0 0 0 0 0 0 0 4.636735439300537
0 0 1 0 1 0 0 0 0 1 1 0 0 0 1 1 0 1 0 1 1 0 0 0 0 0 0 0 0 1 0 1 1 1 0 0 0 0 0 1 0 0 4.955417156219482
0 0 1 0 1 0 0 0 0 1 1 0 0 0 1 1 0 1 0 1 1 0 0 0 0 0 0 0 1 1 0 1 1 1 0 0 0 0 0 1 0 0 5.214279651641846
0 0 1 0 1 0 0 0 0 1 1 0 0 0 1 1 0 1 0 1 0 0 0 0 0 0 0 0 1 1 0 1 1 1 0 0 0 0 0 1 0 0 5.36558723449707
0 0 1 0 1 0 0 0 0 1 1 0 0 0 1 1 0 1 0 1 0 0 0 0 0 0 0 0 1 1 0 1 1 1 0 0 0 0 1 1 0 0 5.48310661315918
0 0 1 0 1 0 0 0 0 1 1 0 0 0 1 1 0 1 0 1 0 0 0 0 0 0 0 0 1 1 0 0 1 1 0 0 0 0 1 1 0 0 5.653714656829834
0 0 0 0 1 0 0 0 0 1 1 0 0 0 1 1 0 1 0 1 0 0 0 0 0 0 0 0 1 1 0 0 1 1 0 0 0 0 1 1 0 0 5.750934600830078
0 0 0 0 1 0 0 0 1 1 1 0 0 0 1 1 0 1 0 1 0 0 0 0 0 0 0 0 1 1 0 0 1 1 0 0 0 0 1 1 0 0 5.828616619110107
0 0 0 0 1 0 0 0 1 1 1 0 0 0 1 1 0 1 0 1 0 0 0 0 0 1 0 0 1 1 0 0 1 1 0 0 0 0 1 1 0 0 5.934897422790527
0 0 0 0 1 0 1 0 1 1 1 0 0 0 1 1 0 1 0 1 0 0 0 0 0 1 0 0 1 1 0 0 1 1 0 0 0 0 1 1 0 0 5.979276657104492
0 0 0 0 1 0 1 0 1 1 1 0 0 0 1 1 0 1 0 0 0 0 0 0 0 1 0 0 1 1 0 0 1 1 0 0 0 0 1 1 0 0 6.032749176025391
0 0 0 0 1 0 1 0 1 1 1 0 1 0 1 1 0 1 0 0 0 0 0 0 0 1 0 0 1 1 0 0 1 1 0 0 0 0 1 1 0 0 6.0494585037231445
0 0 0 0 1 1 1 0 1 1 1 0 1 0 1 1 0 1 0 0 0 0 0 0 0 1 0 0 1 1 0 0 1 1 0 0 0 0 1 1 0 0 6.053115367889404
0 0 0 0 1 0 1 0 1 1 1 0 1 0 1 1 0 1 0 0 0 0 0 0 0 1 0 0 1 1 0 0 1 1 0 0 0 0 1 1 0 0 6.0494585037231445
0 0 0 1 0 1 0 0 1 1 0 0 0 1 0 0 0 0 0 0 0 0 0 0 1 1 0 0 0 1 1 0 0 0 1 0 0 0 0 0 0 1 4.084408760070801
0 0 0 1 0 1 0 0 1 1 0 0 0 1 0 0 0 1 0 0 0 0 0 0 1 1 0 0 0 1 1 0 0 0 1 0 0 0 0 0 0 1 4.516120433807373
0 0 0 1 1 1 0 0 1 1 0 0 0 1 0 0 0 1 0 0 0 0 0 0 1 1 0 0 0 1 1 0 0 0 1 0 0 0 0 0 0 1 5.028693675994873
0 1 0 1 1 1 0 0 1 1 0 0 0 1 0 0 0 1 0 0 0 0 0 0 1 1 0 0 0 1 1 0 0 0 1 0 0 0 0 0 0 1 5.2752461433410645
0 1 0 1 1 1 0 0 1 1 0 0 0 1 0 0 0 1 0 0 0 0 0 0 1 1 0 0 0 1 1 0 0 0 1 0 0 0 0 0 0 0 5.352613925933838
0 1 1 1 1 1 0 0 1 1 0 0 0 1 0 0 0 1 0 0 0 0 0 0 1 1 0 0 0 1 1 0 0 0 1 0 0 0 0 0 0 0 5.508791446685791
0 1 1 1 1 1 0 0 1 1 0 0 0 1 0 0 0 1 0 0 0 0 0 0 1 1 1 0 0 1 1 0 0 0 1 0 0 0 0 0 0 0 5.627802848815918
0 1 1 1 1 1 0 0 1 1 0 0 0 1 0 0 0 1 0 0 0 0 0 0 0 1 1 0 0 1 1 0 0 0 1 0 0 0 0 0 0 0 5.7628374099731445
0 1 1 1 1 1 0 0 1 1 0 0 0 1 0 0 0 1 0 0 0 0 1 0 0 1 1 0 0 1 1 0 0 0 1 0 0 0 0 0 0 0 5.90792989730835
0 1 1 1 1 1 0 0 1 1 0 0 0 0 0 0 0 1 0 0 0 0 1 0 0 1 1 0 0 1 1 0 0 0 1 0 0 0 0 0 0 0 5.891351699829102
0 0 1 1 1 0 0 0 0 1 0 0 0 1 0 0 0 0 1 0 0 0 0 0 0 1 0 1 0 1 0 0 0 0 0 0 0 0 1 0 0 1 3.5453388690948486
0 0 1 1 1 0 0 0 0 1 0 0 0 1 0 0 0 1 1 0 0 0 0 0 0 1 0 1 0 1 0 0 0 0 0 0 0 0 1 0 0 1 4.112974643707275
0 0 1 1 1 0 0 0 0 1 0 0 0 1 0 0 0 1 0 0 0 0 0 0 0 1 0 1 0 1 0 0 0 0 0 0 0 0 1 0 0 1 4.654684543609619
0 0 1 1 1 0 0 0 0 1 0 0 0 1 0 0 1 1 0 0 0 0 0 0 0 1 0 1 0 1 0 0 0 0 0 0 0 0 1 0 0 1 4.89847993850708
0 0 1 1 1 0 0 0 0 1 0 0 0 1 0 0 1 1 0 0 0 0 0 0 0 1 0 0 0 1 0 0 0 0 0 0 0 0 1 0 0 1 5.142847061157227
0 0 1 1 1 0 0 0 0 1 0 0 0 1 0 0 1 1 0 0 0 0 0 0 0 1 0 0 0 1 0 0 0 0 1 0 0 0 1 0 0 1 5.232148170471191
0 0 1 1 1 0 0 0 0 1 0 0 0 1 0 0 1 1 0 0 0 0 0 0 0 1 0 0 0 1 1 0 0 0 1 0 0 0 1 0 0 1 5.542494297027588
0 0 1 1 1 0 0 0 0 1 0 0 0 1 0 0 1 1 0 0 0 0 0 0 0 1 0 0 0 1 1 0 1 0 1 0 0 0 1 0 0 1 5.691434860229492
0 0 1 1 1 0 0 0 0 1 0 0 1 1 0 0 1 1 0 0 0 0 0 0 0 1 0 0 0 1 1 0 1 0 1 0 0 0 1 0 0 1 5.758955955505371
0 0 1 1 1 0 0 0 0 1 0 0 1 1 0 0 1 1 0 0 0 0 0 0 0 1 1 0 0 1 1 0 1 0 1 0 0 0 1 0 0 1 5.796791076660156
0 1 1 1 1 0 0 0 0 1 0 0 1 1 0 0 1 1 0 0 0 0 0 0 0 1 1 0 0 1 1 0 1 0 1 0 0 0 1 0 0 1 5.896724700927734
0 1 1 1 1 0 0 0 0 1 0 0 1 1 1 0 1 1 0 0 0 0 0 0 0 1 1 0 0 1 1 0 1 0 1 0 0 0 1 0 0 1 5.887707710266113
0 0 0 0 1 0 0 0 1 0 1 0 0 0 1 1 0 0 0 1 0 0 0 0 0 0 0 0 1 1 1 0 1 1 0 0 0 0 0 0 0 0 4.319279670715332
0 0 0 0 1 0 0 0 1 1 1 0 0 0 1 1 0 0 0 1 0 0 0 0 0 0 0 0 1 1 1 0 1 1 0 0 0 0 0 0 0 0 4.972069263458252
0 0 0 0 1 0 0 0 1 1 1 0 0 0 1 1 0 1 0 1 0 0 0 0 0 0 0 0 1 1 1 0 1 1 0 0 0 0 0 0 0 0 5.364311218261719
0 0 0 0 1 0 0 0 1 1 1 0 0 0 1 1 0 1 0 1 0 0 0 0 0 0 0 0 1 1 1 0 1 1 0 0 0 0 0 1 0 0 5.589591026306152
0 0 0 0 1 0 0 0 1 1 1 0 0 0 1 1 0 1 0 1 0 0 0 0 0 0 0 0 1 1 1 0 1 1 1 0 0 0 0 1 0 0 5.782045364379883
0 0 0 0 1 0 0 0 1 1 1 0 0 0 1 1 0 1 0 1 0 0 0 0 0 0 0 1 1 1 1 0 1 1 1 0 0 0 0 1 0 0 5.950361728668213
0 0 0 0 1 0 0 0 1 1 1 0 0 0 1 1 0 1 0 1 0 0 0 0 0 0 1 1 1 1 1 0 1 1 1 0 0 0 0 1 0 0 6.112555503845215
0 0 0 0 1 0 1 0 1 1 1 0 0 0 1 1 0 1 0 1 0 0 0 0 0 0 1 1 1 1 1 0 1 1 1 0 0 0 0 1 0 0 6.205209255218506
0 0 0 0 1 0 1 0 1 1 1 0 0 0 1 1 0 1 0 1 0 0 0 0 0 0 1 1 1 0 1 0 1 1 1 0 0 0 0 1 0 0 6.316095352172852
0 0 0 0 1 0 1 0 1 1 1 0 0 0 1 1 0 1 0 1 1 0 0 0 0 0 1 1 1 0 1 0 1 1 1 0 0 0 0 1 0 0 6.4249467849731445
0 0 0 0 1 0 1 0 1 1 1 0 0 0 1 1 0 1 0 1 1 0 0 0 0 0 1 1 1 0 1 0 1 1 1 0 0 0 1 1 0 0 6.451047420501709
0 0 0 0 1 0 1 0 1 1 1 0 0 0 1 1 0 1 0 0 1 0 0 0 0 0 1 1 1 0 1 0 1 1 1 0 0 0 1 1 0 0 6.486654758453369
0 0 0 0 1 0 1 1 1 1 1 0 0 0 1 1 0 1 0 0 1 0 0 0 0 0 1 1 1 0 1 0 1 1 1 0 0 0 1 1 0 0 6.526655673980713
0 0 0 0 1 0 1 1 1 1 1 0 0 0 1 1 0 1 0 0 1 0 0 0 0 0 1 1 1 0 1 0 1 1 1 0 0 0 1 1 1 0 6.535216331481934
0 0 0 0 1 1 1 1 1 1 1 0 0 0 1 1 0 1 0 0 1 0 0 0 0 0 1 1 1 0 1 0 1 1 1 0 0 0 1 1 1 0 6.529505729675293
0 0 0 0 0 1 0 0 1 0 0 0 0 1 0 1 0 0 1 0 0 0 0 0 1 0 1 0 0 1 1 0 0 1 1 0 0 0 0 0 0 0 3.6036112308502197
0 0 0 0 1 1 0 0 1 0 0 0 0 1 0 1 0 0 1 0 0 0 0 0 1 0 1 0 0 1 1 0 0 1 1 0 0 0 0 0 0 0 4.110540390014648
0 0 0 0 1 1 0 0 1 1 0 0 0 1 0 1 0 0 1 0 0 0 0 0 1 0 1 0 0 1 1 0 0 1 1 0 0 0 0 0 0 0 4.47376012802124
0 0 0 0 1 1 0 0 1 1 0 0 0 1 0 1 0 1 1 0 0 0 0 0 1 0 1 0 0 1 1 0 0 1 1 0 0 0 0 0 0 0 4.76176118850708
0 0 0 0 1 1 0 0 1 1 0 0 0 1 0 1 0 1 1 0 1 0 0 0 1 0 1 0 0 1 1 0 0 1 1 0 0 0 0 0 0 0 4.987045764923096
0 0 0 0 1 1 0 0 1 1 0 0 0 1 0 1 0 1 1 0 1 0 0 0 1 0 1 0 0 1 1 0 0 1 1 0 0 0 0 1 0 0 5.235608100891113
0 0 0 0 1 1 0 0 1 1 0 0 0 0 0 1 0 1 1 0 1 0 0 0 1 0 1 0 0 1 1 0 0 1 1 0 0 0 0 1 0 0 5.46728515625
0 0 0 0 1 1 0 0 1 1 0 0 0 0 0 1 0 1 1 0 1 0 0 0 1 0 1 0 0 0 1 0 0 1 1 0 0 0 0 1 0 0 5.794802188873291
0 0 0 0 1 1 0 0 1 1 0 0 0 0 0 1 0 1 1 0 1 0 0 0 1 0 1 1 0 0 1 0 0 1 1 0 0 0 0 1 0 0 5.992469787597656
0 0 0 0 1 1 0 0 1 1 0 0 0 0 0 0 0 1 1 0 1 0 0 0 1 0 1 1 0 0 1 0 0 1 1 0 0 0 0 1 0 0 6.09820032119751
0 0 0 0 1 1 0 0 1 1 0 1 0 0 0 0 0 1 1 0 1 0 0 0 1 0 1 1 0 0 1 0 0 1 1 0 0 0 0 1 0 0 6.275243759155273
0 0 0 0 1 1 0 0 1 1 0 1 0 0 1 0 0 1 1 0 1 0 0 0 1 0 1 1 0 0 1 0 0 1 1 0 0 0 0 1 0 0 6.278419494628906
0 0 0 0 1 1 0 0 1 1 0 1 0 0 1 0 0 1 1 0 1 0 0 0 1 0 1 1 0 0 1 0 1 1 1 0 0 0 0 1 0 0 6.4245147705078125
0 0 0 0 1 1 0 1 1 1 0 1 0 0 1 0 0 1 1 0 1 0 0 0 1 0 1 1 0 0 1 0 1 1 1 0 0 0 0 1 0 0 6.4991254806518555
0 0 0 0 1 1 1 1 1 1 0 1 0 0 1 0 0 1 1 0 1 0 0 0 1 0 1 1 0 0 1 0 1 1 1 0 0 0 0 1 0 0 6.524712562561035
0 0 0 0 1 1 1 1 1 1 0 1 0 0 1 0 0 1 1 0 1 0 0 0 1 0 1 1 1 0 1 0 1 1 1 0 0 0 0 1 0 0 6.6844587326049805
0 0 0 0 1 1 1 1 1 1 0 1 0 0 1 0 0 1 1 0 1 0 1 0 1 0 1 1 1 0 1 0 1 1 1 0 0 0 0 1 0 0 6.656988143920898
0 0 0 0 0 0 0 0 0 1 1 0 0 0 0 0 0 0 0 1 0 1 1 0 0 1 1 0 1 0 0 1 0 0 0 0 0 0 0 1 1 0 3.0094573497772217
0 0 0 0 1 0 0 0 0 1 1 0 0 0 0 0 0 0 0 1 0 1 1 0 0 1 1 0 1 0 0 1 0 0 0 0 0 0 0 1 1 0 3.3618788719177246
0 0 0 0 1 0 0 0 0 1 1 0 0 0 0 0 0 0 0 1 0 1 1 0 0 1 1 0 1 0 0 1 1 0 0 0 0 0 0 1 1 0 3.7300026416778564
0 0 0 0 1 0 0 0 0 1 1 0 0 0 0 0 0 0 0 1 0 1 0 0 0 1 1 0 1 0 0 1 1 0 0 0 0 0 0 1 1 0 4.0891218185424805
0 0 0 0 1 0 0 0 0 1 1 0 0 0 0 0 0 0 0 1 0 1 0 0 0 1 0 0 1 0 0 1 1 0 0 0 0 0 0 1 1 0 4.347811222076416
0 0 0 0 1 0 0 0 0 1 1 0 0 0 1 0 0 0 0 1 0 1 0 0 0 1 0 0 1 0 0 1 1 0 0 0 0 0 0 1 1 0 4.690033912658691
0 0 0 0 1 0 0 0 0 1 1 0 0 0 1 0 0 0 0 1 0 1 0 0 0 1 0 0 1 0 0 1 1 0 0 0 0 0 0 1 0 0 4.914689064025879
0 0 0 0 1 0 0 0 0 1 1 0 0 0 1 0 0 0 0 1 0 1 0 0 0 1 0 0 1 0 0 1 1 0 0 0 0 0 1 1 0 0 5.170325756072998
0 0 0 0 1 0 0 0 0 1 1 0 0 0 1 0 0 0 0 1 0 0 0 0 0 1 0 0 1 0 0 1 1 0 0 0 0 0 1 1 0 0 5.274571418762207
0 0 0 0 1 0 0 0 0 1 1 0 0 0 1 0 0 1 0 1 0 0 0 0 0 1 0 0 1 0 0 1 1 0 0 0 0 0 1 1 0 0 5.481762886047363
0 0 0 0 1 0 0 0 0 1 1 0 0 0 1 1 0 1 0 1 0 0 0 0 0 1 0 0 1 0 0 1 1 0 0 0 0 0 1 1 0 0 5.619347095489502
0 0 0 0 1 0 1 0 0 1 1 0 0 0 1 1 0 1 0 1 0 0 0 0 0 1 0 0 1 0 0 1 1 0 0 0 0 0 1 1 0 0 5.699367523193359
0 0 0 0 1 0 1 0 0 1 1 0 0 0 1 1 0 1 0 1 0 0 0 0 0 1 0 0 1 0 0 1 1 1 0 0 0 0 1 1 0 0 5.773519992828369
0 0 0 0 1 0 1 0 0 1 1 0 0 0 1 1 0 1 0 1 0 0 0 0 0 1 0 0 1 0 0 0 1 1 0 0 0 0 1 1 0 0 5.836087703704834
0 0 0 0 1 0 1 0 1 1 1 0 0 0 1 1 0 1 0 1 0 0 0 0 0 1 0 0 1 0 0 0 1 1 0 0 0 0 1 1 0 0 5.937707901000977
0 0 0 0 1 0 1 0 1 1 1 0 0 0 1 1 0 1 0 1 0 0 0 0 0 1 0 0 1 0 0 0 1 1 1 0 0 0 1 1 0 0 6.005718231201172
0 0 0 0 1 1 1 0 1 1 1 0 0 0 1 1 0 1 0 1 0 0 0 0 0 1 0 0 1 0 0 0 1 1 1 0 0 0 1 1 0 0 6.037818908691406
0 0 0 0 1 1 1 0 1 1 1 0 0 0 1 1 0 1 0 1 0 0 0 0 0 1 0 0 1 0 1 0 1 1 1 0 0 0 1 1 0 0 6.097212314605713
0 0 0 0 1 1 1 0 1 1 1 0 0 0 1 1 0 1 0 1 0 0 0 0 0 1 0 1 1 0 1 0 1 1 1 0 0 0 1 1 0 0 6.171877861022949
0 0 0 0 1 1 1 0 1 1 1 0 0 0 1 1 0 1 0 1 0 0 0 0 0 0 0 1 1 0 1 0 1 1 1 0 0 0 1 1 0 0 6.313307285308838
0 0 0 0 1 1 1 0 1 1 1 0 0 0 1 1 0 1 0 0 0 0 0 0 0 0 0 1 1 0 1 0 1 1 1 0 0 0 1 1 0 0 6.387514591217041
0 0 0 0 1 1 1 0 1 1 1 0 0 0 1 1 0 1 0 0 1 0 0 0 0 0 0 1 1 0 1 0 1 1 1 0 0 0 1 1 0 0 6.429807186126709
0 0 0 0 1 1 1 0 1 1 1 0 0 0 1 1 0 1 0 0 1 0 0 0 0 0 1 1 1 0 1 0 1 1 1 0 0 0 1 1 0 0 6.466458797454834
0 0 0 0 1 1 1 1 1 1 1 0 0 0 1 1 0 1 0 0 1 0 0 0 0 0 1 1 1 0 1 0 1 1 1 0 0 0 1 1 0 0 6.52079963684082
0 0 0 0 1 1 1 1 1 1 1 0 0 0 1 1 0 1 0 0 1 0 0 0 0 0 1 1 1 0 1 0 1 1 1 0 0 0 1 1 1 0 6.529505729675293
0 0 0 0 1 0 1 1 1 1 1 0 0 0 1 1 0 1 0 0 1 0 0 0 0 0 1 1 1 0 1 0 1 1 1 0 0 0 1 1 1 0 6.535216331481934
0 0 0 0 1 1 1 1 1 1 1 0 0 0 1 1 0 1 0 0 1 0 0 0 0 0 1 1 1 0 1 0 1 1 1 0 0 0 1 1 1 0 6.529505729675293
0 0 0 1 0 1 0 0 0 0 0 1 0 0 0 0 0 1 0 0 0 1 0 0 0 1 1 0 0 0 1 0 1 0 1 1 0 0 0 0 0 0 3.729438066482544
0 0 0 1 1 1 0 0 0 0 0 1 0 0 0 0 0 1 0 0 0 1 0 0 0 1 1 0 0 0 1 0 1 0 1 1 0 0 0 0 0 0 4.391142845153809
0 0 0 1 1 1 0 0 0 1 0 1 0 0 0 0 0 1 0 0 0 1 0 0 0 1 1 0 0 0 1 0 1 0 1 1 0 0 0 0 0 0 4.845797061920166
0 0 0 1 1 1 0 0 0 1 0 1 0 0 0 0 0 1 0 0 0 0 0 0 0 1 1 0 0 0 1 0 1 0 1 1 0 0 0 0 0 0 5.310935020446777
0 0 0 1 1 1 0 0 0 1 0 1 0 0 0 0 0 1 0 0 1 0 0 0 0 1 1 0 0 0 1 0 1 0 1 1 0 0 0 0 0 0 5.483371734619141
0 0 0 1 1 1 0 0 1 1 0 1 0 0 0 0 0 1 0 0 1 0 0 0 0 1 1 0 0 0 1 0 1 0 1 1 0 0 0 0 0 0 5.767508506774902
0 0 0 1 1 1 0 0 1 1 0 1 0 0 0 0 0 1 0 0 1 0 0 0 0 1 1 1 0 0 1 0 1 0 1 1 0 0 0 0 0 0 6.017439842224121
0 0 0 1 1 1 0 0 1 1 0 1 0 0 0 0 0 1 0 0 1 0 0 0 0 1 1 1 0 0 1 0 1 0 1 1 0 0 0 1 0 0 6.254642486572266
0 0 0 0 1 1 0 0 1 1 0 1 0 0 0 0 0 1 0 0 1 0 0 0 0 1 1 1 0 0 1 0 1 0 1 1 0 0 0 1 0 0 6.311824798583984
0 0 0 0 1 1 0 0 1 1 0 1 0 0 1 0 0 1 0 0 1 0 0 0 0 1 1 1 0 0 1 0 1 0 1 1 0 0 0 1 0 0 6.348481178283691
0 0 0 0 1 1 0 0 1 1 0 1 0 0 1 0 0 1 1 0 1 0 0 0 0 1 1 1 0 0 1 0 1 0 1 1 0 0 0 1 0 0 6.431929111480713
0 0 0 0 1 1 1 0 1 1 0 1 0 0 1 0 0 1 1 0 1 0 0 0 0 1 1 1 0 0 1 0 1 0 1 1 0 0 0 1 0 0 6.515525817871094
0 0 0 0 1 1 1 0 1 1 0 1 0 0 1 0 0 1 1 0 1 0 0 0 0 1 1 1 0 0 1 0 1 0 1 0 0 0 0 1 0 0 6.546565532684326
0 0 0 0 1 1 1 0 1 1 0 1 0 0 1 0 0 1 1 0 1 0 0 0 0 0 1 1 0 0 1 0 1 0 1 0 0 0 0 1 0 0 6.566715240478516
0 0 0 0 1 1 1 0 1 1 1 1 0 0 1 0 0 1 1 0 1 0 0 0 0 0 1 1 0 0 1 0 1 0 1 0 0 0 0 1 0 0 6.628110408782959
0 0 0 0 1 1 1 0 1 1 1 1 0 0 1 0 0 1 1 0 1 0 0 0 0 0 1 1 0 0 1 0 1 1 1 0 0 0 0 1 0 0 6.6166791915893555
0 0 0 0 1 0 0 0 0 1 1 0 0 0 1 1 0 0 1 1 1 0 0 0 0 0 0 0 0 1 0 0 0 1 1 0 0 0 0 0 0 0 3.799048662185669
0 0 0 0 1 0 0 0 0 1 1 0 0 0 1 1 0 0 1 1 1 0 0 0 0 0 0 0 0 1 0 0 1 1 1 0 0 0 0 0 0 0 4.395481109619141
0 0 0 0 1 0 0 0 0 1 1 0 0 0 1 1 0 0 1 1 1 0 0 0 0 0 0 0 0 1 0 0 1 1 1 0 0 0 0 1 0 0 4.843329906463623
0 0 0 0 1 0 0 0 1 1 1 0 0 0 1 1 0 0 1 1 1 0 0 0 0 0 0 0 0 1 0 0 1 1 1 0 0 0 0 1 0 0 5.22496223449707
0 0 0 0 1 0 0 0 1 1 1 0 0 0 1 1 0 0 1 1 1 0 0 0 0 0 0 0 0 0 0 0 1 1 1 0 0 0 0 1 0 0 5.487314224243164
0 0 0 0 1 1 0 0 1 1 1 0 0 0 1 1 0 0 1 1 1 0 0 0 0 0 0 0 0 0 0 0 1 1 1 0 0 0 0 1 0 0 5.608696937561035
0 0 0 0 1 1 0 1 1 1 1 0 0 0 1 1 0 0 1 1 1 0 0 0 0 0 0 0 0 0 0 0 1 1 1 0 0 0 0 1 0 0 5.672524929046631
0 0 0 0 1 1 1 1 1 1 1 0 0 0 1 1 0 0 1 1 1 0 0 0 0 0 0 0 0 0 0 0 1 1 1 0 0 0 0 1 0 0 5.741003513336182
0 0 0 0 1 1 1 1 1 1 1 0 0 0 1 1 0 0 1 1 1 0 0 0 0 0 0 0 1 0 0 0 1 1 1 0 0 0 0 1 0 0 5.831617832183838
0 0 0 0 1 1 1 1 1 1 1 0 0 0 1 1 0 1 1 1 1 0 0 0 0 0 0 0 1 0 0 0 1 1 1 0 0 0 0 1 0 0 6.048821449279785
0 0 0 0 1 1 1 1 1 1 1 0 0 0 1 1 0 1 1 1 1 0 0 0 0 0 0 1 1 0 0 0 1 1 1 0 0 0 0 1 0 0 6.118850231170654
0 0 0 0 1 1 1 1 1 1 1 0 0 0 1 1 0 1 0 1 1 0 0 0 0 0 0 1 1 0 0 0 1 1 1 0 0 0 0 1 0 0 6.209052562713623
0 0 0 0 1 1 1 1 1 1 1 0 0 0 1 1 0 1 0 0 1 0 0 0 0 0 0 1 1 0 0 0 1 1 1 0 0 0 0 1 0 0 6.302799224853516
0 0 0 0 1 1 1 1 1 1 1 0 0 0 1 1 0 1 0 0 1 0 0 0 0 0 0 1 1 0 0 0 1 1 1 0 0 0 1 1 0 0 6.299396514892578
0 0 0 0 1 0 0 0 0 1 1 0 0 0 1 1 0 1 0 0 0 0 0 0 0 1 0 1 0 1 0 0 0 1 0 0 0 1 0 0 0 0 4.265040397644043
0 0 0 0 1 0 0 0 0 1 1 0 0 0 1 1 0 1 0 0 0 0 0 0 0 1 0 1 0 1 0 0 1 1 0 0 0 1 0 0 0 0 4.745204925537109
0 0 0 0 1 0 0 0 0 1 1 0 0 0 1 1 0 1 0 0 0 0 0 0 0 1 0 1 0 1 1 0 1 1 0 0 0 1 0 0 0 0 5.091347694396973
0 0 0 0 1 0 0 0 1 1 1 0 0 0 1 1 0 1 0 0 0 0 0 0 0 1 0 1 0 1 1 0 1 1 0 0 0 1 0 0 0 0 5.386376857757568
0 0 0 0 1 0 0 0 1 1 1 0 0 0 1 1 0 1 0 0 0 0 0 0 0 1 0 1 0 1 1 0 1 1 0 0 0 0 0 0 0 0 5.703850269317627
0 0 0 0 1 0 0 0 1 1 1 0 0 0 1 1 0 1 0 0 0 0 0 0 0 0 0 1 0 1 1 0 1 1 0 0 0 0 0 0 0 0 5.788590431213379
0 0 0 0 1 0 0 0 1 1 1 0 0 0 1 1 0 1 0 0 0 0 0 0 0 0 0 1 0 1 1 0 1 1 0 0 0 0 0 1 0 0 5.895115852355957
0 0 0 0 1 0 0 0 1 1 1 0 0 0 1 1 0 1 0 0 0 0 0 0 0 0 0 1 0 1 1 0 1 1 1 0 0 0 0 1 0 0 6.002960681915283
0 0 0 0 1 0 0 0 1 1 1 0 0 0 1 1 0 1 0 0 0 0 0 0 0 0 0 1 0 1 1 0 1 0 1 0 0 0 0 1 0 0 6.124959468841553
0 0 0 0 1 0 0 0 1 1 1 0 0 0 1 1 0 1 0 0 0 0 0 0 0 0 0 1 0 0 1 0 1 0 1 0 0 0 0 1 0 0 6.304635524749756
0 0 0 0 1 0 0 0 1 1 1 0 0 0 1 1 0 1 0 0 0 0 0 0 0 0 0 1 0 0 1 0 1 0 1 0 0 0 1 1 0 0 6.4093017578125
0 0 0 0 1 0 0 0 1 1 1 0 0 0 1 1 1 1 0 0 0 0 0 0 0 0 0 1 0 0 1 0 1 0 1 0 0 0 1 1 0 0 6.47132682800293
0 0 0 0 1 0 0 0 1 1 1 0 0 0 1 1 1 1 0 0 0 0 0 0 0 0 1 1 0 0 1 0 1 0 1 0 0 0 1 1 0 0 6.453024864196777
0 0 1 0 1 0 0 0 0 0 0 0 0 0 0 1 0 1 1 0 1 0 0 0 0 0 1 1 0 1 0 0 0 0 0 0 0 0 1 0 0 1 2.95617413520813
0 0 1 0 1 0 0 0 0 1 0 0 0 0 0 1 0 1 1 0 1 0 0 0 0 0 1 1 0 1 0 0 0 0 0 0 0 0 1 0 0 1 3.464900016784668
0 0 1 0 1 0 0 0 0 1 0 0 0 0 0 1 0 1 1 0 1 0 0 0 0 0 1 1 0 1 1 0 0 0 0 0 0 0 1 0 0 1 3.9023423194885254
0 0 1 0 1 0 0 0 0 1 0 0 0 0 0 1 0 1 1 0 1 0 0 0 0 0 1 1 0 1 1 0 0 0 0 0 0 0 1 0 0 0 4.359929084777832
0 0 1 0 1 0 0 0 1 1 0 0 0 0 0 1 0 1 1 0 1 0 0 0 0 0 1 1 0 1 1 0 0 0 0 0 0 0 1 0 0 0 4.740405082702637
0 0 1 0 1 0 0 0 1 1 0 0 0 0 0 1 0 1 1 0 1 0 0 0 0 0 1 1 0 1 1 0 1 0 0 0 0 0 1 0 0 0 5.152315616607666
0 0 1 0 1 0 0 0 1 1 0 0 0 0 0 1 0 1 1 0 1 0 0 0 0 0 1 1 0 0 1 0 1 0 0 0 0 0 1 0 0 0 5.4004058837890625
0 0 1 0 1 0 0 0 1 1 0 0 0 0 0 1 0 1 1 0 1 0 0 0 0 0 1 1 0 0 1 0 1 0 0 0 0 0 1 1 0 0 5.560003280639648
0 0 1 0 1 0 0 0 1 1 0 0 0 0 0 1 0 1 1 0 1 0 0 0 0 0 1 1 0 0 1 0 1 0 1 0 0 0 1 1 0 0 5.746004581451416
0 0 1 0 1 0 0 0 1 1 0 0 0 0 0 0 0 1 1 0 1 0 0 0 0 0 1 1 0 0 1 0 1 0 1 0 0 0 1 1 0 0 5.9175238609313965
0 0 1 0 1 1 0 0 1 1 0 0 0 0 0 0 0 1 1 0 1 0 0 0 0 0 1 1 0 0 1 0 1 0 1 0 0 0 1 1 0 0 6.052816867828369
0 0 0 0 1 1 0 0 1 1 0 0 0 0 0 0 0 1 1 0 1 0 0 0 0 0 1 1 0 0 1 0 1 0 1 0 0 0 1 1 0 0 6.131871223449707
0 0 0 0 1 1 0 0 1 1 0 0 0 0 0 0 0 1 1 0 1 0 0 0 0 0 1 1 0 0 1 0 1 0 1 0 0 0 0 1 0 0 6.313234806060791
0 0 0 0 1 1 0 0 1 1 0 0 0 0 1 0 0 1 1 0 1 0 0 0 0 0 1 1 0 0 1 0 1 0 1 0 0 0 0 1 0 0 6.370811462402344
0 0 0 0 1 1 0 0 1 1 1 0 0 0 1 0 0 1 1 0 1 0 0 0 0 0 1 1 0 0 1 0 1 0 1 0 0 0 0 1 0 0 6.45777702331543
0 0 0 0 1 1 1 0 1 1 1 0 0 0 1 0 0 1 1 0 1 0 0 0 0 0 1 1 0 0 1 0 1 0 1 0 0 0 0 1 0 0 6.558718681335449
0 0 0 0 1 1 1 0 1 1 1 1 0 0 1 0 0 1 1 0 1 0 0 0 0 0 1 1 0 0 1 0 1 0 1 0 0 0 0 1 0 0 6.628110408782959
0 0 0 0 1 1 1 0 1 1 1 1 0 0 1 0 0 1 1 0 1 0 0 0 0 0 1 1 0 0 1 0 1 1 1 0 0 0 0 1 0 0 6.6166791915893555
0 0 0 0 0 0 0 0 0 1 0 0 0 0 0 1 0 1 0 0 0 1 0 0 1 1 1 0 1 0 0 1 0 0 0 0 0 0 0 1 1 0 3.1337502002716064
0 0 0 0 1 0 0 0 0 1 0 0 0 0 0 1 0 1 0 0 0 1 0 0 1 1 1 0 1 0 0 1 0 0 0 0 0 0 0 1 1 0 3.563016176223755
0 0 0 0 1 0 0 0 0 1 0 0 0 0 0 1 0 1 0 0 0 0 0 0 1 1 1 0 1 0 0 1 0 0 0 0 0 0 0 1 1 0 3.9674770832061768
0 0 0 0 1 0 0 0 0 1 0 0 0 0 0 1 0 1 0 0 0 0 0 0 1 1 1 0 1 0 1 1 0 0 0 0 0 0 0 1 1 0 4.299999713897705
0 0 0 0 1 0 0 0 0 1 0 0 0 0 0 1 0 1 0 0 0 0 0 0 1 1 1 0 1 0 1 1 1 0 0 0 0 0 0 1 1 0 4.640967845916748
0 0 0 0 1 0 0 0 0 1 0 0 0 0 0 1 0 1 0 0 0 0 0 0 1 1 0 0 1 0 1 1 1 0 0 0 0 0 0 1 1 0 4.843659400939941
0 0 0 0 1 0 0 0 0 1 0 0 0 0 0 1 0 1 0 0 0 0 0 0 1 1 0 0 1 0 1 1 1 0 0 0 0 0 1 1 1 0 5.053180694580078
0 0 0 0 1 0 0 0 0 1 0 0 0 0 0 1 0 1 0 0 0 0 0 0 0 1 0 0 1 0 1 1 1 0 0 0 0 0 1 1 1 0 5.2602314949035645
0 0 0 0 1 0 0 0 0 1 0 0 0 0 1 1 0 1 0 0 0 0 0 0 0 1 0 0 1 0 1 1 1 0 0 0 0 0 1 1 1 0 5.398281097412109
0 0 0 0 1 0 0 0 0 1 1 0 0 0 1 1 0 1 0 0 0 0 0 0 0 1 0 0 1 0 1 1 1 0 0 0 0 0 1 1 1 0 5.548797130584717
0 0 0 0 1 0 0 0 0 1 1 0 0 0 1 1 0 1 0 0 0 0 0 0 0 1 0 1 1 0 1 1 1 0 0 0 0 0 1 1 1 0 5.7530059814453125
0 0 0 0 1 0 0 0 1 1 1 0 0 0 1 1 0 1 0 0 0 0 0 0 0 1 0 1 1 0 1 1 1 0 0 0 0 0 1 1 1 0 6.066865921020508
0 0 0 0 1 0 0 0 1 1 1 0 0 0 1 1 0 1 0 0 0 0 0 0 0 1 0 1 1 0 1 1 1 0 1 0 0 0 1 1 1 0 6.2538371086120605
0 0 0 0 1 0 0 0 1 1 1 0 0 0 1 1 0 1 0 0 0 0 0 0 0 0 0 1 1 0 1 1 1 0 1 0 0 0 1 1 1 0 6.271061420440674
0 0 0 0 1 0 0 0 1 1 1 0 0 0 1 1 0 1 0 0 0 0 0 0 0 0 0 1 1 0 1 0 1 0 1 0 0 0 1 1 1 0 6.4215779304504395
0 0 0 0 1 0 0 0 1 1 1 0 0 0 1 1 0 1 0 0 0 0 0 0 0 0 1 1 1 0 1 0 1 0 1 0 0 0 1 1 1 0 6.470053672790527
0 0 0 0 1 0 0 0 1 1 1 0 0 0 1 1 0 1 0 0 1 0 0 0 0 0 1 1 1 0 1 0 1 0 1 0 0 0 1 1 1 0 6.50549840927124
0 0 0 0 1 0 0 0 1 1 1 0 0 0 1 0 0 1 0 0 1 0 0 0 0 0 1 1 1 0 1 0 1 0 1 0 0 0 1 1 1 0 6.554802417755127
0 0 0 0 1 0 0 0 1 1 1 0 0 0 1 0 1 1 0 0 1 0 0 0 0 0 1 1 1 0 1 0 1 0 1 0 0 0 1 1 1 0 6.543220043182373
0 0 0 0 1 0 0 1 0 1 1 0 0 1 0 1 0 0 0 1 0 0 0 0 0 0 0 0 0 1 0 0 1 1 0 0 0 0 0 0 0 1 3.7832839488983154
0 0 0 0 1 0 0 1 1 1 1 0 0 1 0 1 0 0 0 1 0 0 0 0 0 0 0 0 0 1 0 0 1 1 0 0 0 0 0 0 0 1 4.228086948394775
0 0 0 0 1 0 0 1 1 1 1 0 0 1 0 1 0 1 0 1 0 0 0 0 0 0 0 0 0 1 0 0 1 1 0 0 0 0 0 0 0 1 4.54182243347168
0 0 0 0 1 0 0 1 1 1 1 0 0 1 1 1 0 1 0 1 0 0 0 0 0 0 0 0 0 1 0 0 1 1 0 0 0 0 0 0 0 1 4.807051658630371
0 0 0 0 1 0 0 1 1 1 1 0 0 1 1 1 0 1 0 1 0 0 0 0 0 0 0 0 1 1 0 0 1 1 0 0 0 0 0 0 0 1 5.025902271270752
0 0 0 0 1 0 0 1 1 1 1 0 0 1 1 1 0 1 0 1 0 0 0 0 0 0 0 0 1 1 0 0 1 1 1 0 0 0 0 0 0 1 5.205436706542969
0 0 0 0 1 0 0 1 1 1 1 0 0 1 1 1 0 1 0 1 0 0 0 0 0 0 0 0 1 1 0 0 1 1 1 0 0 0 0 1 0 1 5.488553524017334
0 0 0 0 1 0 0 0 1 1 1 0 0 1 1 1 0 1 0 1 0 0 0 0 0 0 0 0 1 1 0 0 1 1 1 0 0 0 0 1 0 1 5.626539707183838
0 0 0 0 1 0 0 0 1 1 1 0 0 0 1 1 0 1 0 1 0 0 0 0 0 0 0 0 1 1 0 0 1 1 1 0 0 0 0 1 0 1 5.768215179443359
0 0 0 0 1 0 1 0 1 1 1 0 0 0 1 1 0 1 0 1 0 0 0 0 0 0 0 0 1 1 0 0 1 1 1 0 0 0 0 1 0 1 5.870706081390381
0 0 0 0 1 0 1 0 1 1 1 0 0 0 1 1 0 1 0 1 0 0 0 0 0 0 0 0 1 0 0 0 1 1 1 0 0 0 0 1 0 1 5.966106414794922
0 0 0 0 1 0 1 0 1 1 1 0 0 0 1 1 0 1 0 1 0 0 0 0 0 0 0 1 1 0 0 0 1 1 1 0 0 0 0 1 0 1 6.059627532958984
0 0 0 0 1 0 1 0 1 1 1 0 0 0 1 1 0 1 0 1 0 0 0 0 0 0 0 1 1 0 0 0 1 1 1 0 0 0 0 1 0 0 6.173467636108398
0 0 0 0 1 1 1 0 1 1 1 0 0 0 1 1 0 1 0 1 0 0 0 0 0 0 0 1 1 0 0 0 1 1 1 0 0 0 0 1 0 0 6.249099254608154
0 0 0 0 1 1 1 0 1 1 1 0 0 0 1 1 0 1 0 1 0 0 0 0 0 0 0 1 1 0 1 0 1 1 1 0 0 0 0 1 0 0 6.30394172668457
0 0 0 0 1 1 1 0 1 1 1 0 0 0 1 1 0 1 0 1 0 0 0 0 0 0 1 1 1 0 1 0 1 1 1 0 0 0 0 1 0 0 6.368302822113037
0 0 0 0 1 1 1 0 1 1 1 0 0 0 1 1 0 1 0 1 1 0 0 0 0 0 1 1 1 0 1 0 1 1 1 0 0 0 0 1 0 0 6.404228687286377
0 0 0 0 1 1 1 0 1 1 1 0 0 0 1 1 0 1 0 1 1 0 0 0 0 0 1 1 1 0 1 0 1 1 1 0 0 0 1 1 0 0 6.427456378936768
0 0 0 0 1 1 1 0 1 1 1 0 0 0 1 1 0 1 0 0 1 0 0 0 0 0 1 1 1 0 1 0 1 1 1 0 0 0 1 1 0 0 6.466458797454834
0 0 0 0 1 1 1 1 1 1 1 0 0 0 1 1 0 1 0 0 1 0 0 0 0 0 1 1 1 0 1 0 1 1 1 0 0 0 1 1 0 0 6.52079963684082
0 0 0 0 1 1 1 1 1 1 1 0 0 0 1 1 0 1 0 0 1 0 0 0 0 0 1 1 1 0 1 0 1 1 1 0 0 0 1 1 1 0 6.529505729675293
0 0 0 0 1 0 1 1 1 1 1 0 0 0 1 1 0 1 0 0 1 0 0 0 0 0 1 1 1 0 1 0 1 1 1 0 0 0 1 1 1 0 6.535216331481934
0 0 0 0 1 1 1 1 1 1 1 0 0 0 1 1 0 1 0 0 1 0 0 0 0 0 1 1 1 0 1 0 1 1 1 0 0 0 1 1 1 0 6.529505729675293
0 0 0 0 1 0 0 0 0 1 1 0 0 0 1 1 0 1 0 0 0 0 1 0 0 0 0 1 0 1 0 0 1 1 0 0 0 0 0 0 0 0 4.794682502746582
0 0 0 0 1 0 0 0 0 1 1 0 0 0 1 1 0 1 0 0 0 0 1 0 0 0 0 1 0 1 1 0 1 1 0 0 0 0 0 0 0 0 5.248085021972656
0 0 0 0 1 0 0 0 1 1 1 0 0 0 1 1 0 1 0 0 0 0 1 0 0 0 0 1 0 1 1 0 1 1 0 0 0 0 0 0 0 0 5.5329365730285645
0 0 0 0 1 0 0 0 1 1 1 0 0 0 1 1 0 1 0 0 0 0 0 0 0 0 0 1 0 1 1 0 1 1 0 0 0 0 0 0 0 0 5.788590431213379
0 0 0 0 1 0 0 0 1 1 1 0 0 0 1 1 0 1 0 0 0 0 0 0 0 0 0 1 0 1 1 0 1 1 0 0 0 0 0 1 0 0 5.895115852355957
0 0 0 0 1 0 0 0 1 1 1 0 0 0 1 1 0 1 0 0 0 0 0 0 0 0 0 1 0 1 1 0 1 1 1 0 0 0 0 1 0 0 6.002960681915283
0 0 0 0 1 0 0 0 1 1 1 0 0 0 1 1 0 1 0 0 0 0 0 0 0 0 0 1 0 1 1 0 1 0 1 0 0 0 0 1 0 0 6.124959468841553
0 0 0 0 1 0 0 0 1 1 1 0 0 0 1 1 0 1 0 0 0 0 0 0 0 0 0 1 0 0 1 0 1 0 1 0 0 0 0 1 0 0 6.304635524749756
0 0 0 0 1 0 0 0 1 1 1 0 0 0 1 1 0 1 0 0 0 0 0 0 0 0 0 1 0 0 1 0 1 0 1 0 0 0 1 1 0 0 6.4093017578125
0 0 0 0 1 0 0 0 1 1 1 0 0 0 1 1 1 1 0 0 0 0 0 0 0 0 0 1 0 0 1 0 1 0 1 0 0 0 1 1 0 0 6.47132682800293
0 0 0 0 1 0 0 0 1 1 1 0 0 0 1 1 1 1 0 0 0 0 0 0 0 0 1 1 0 0 1 0 1 0 1 0 0 0 1 1 0 0 6.453024864196777
0 1 0 1 1 1 0 0 1 1 0 0 0 0 0 0 0 1 0 0 0 0 0 0 0 1 0 0 0 0 0 0 0 0 1 0 0 1 0 0 0 1 4.4721832275390625
0 1 0 1 1 1 0 0 1 1 0 0 0 0 0 0 0 1 0 0 0 0 0 0 0 1 0 0 0 0 1 0 0 0 1 0 0 1 0 0 0 1 4.9210710525512695
0 1 0 1 1 1 0 0 1 1 0 0 0 0 0 0 0 1 0 0 0 0 0 0 0 1 0 0 0 0 1 0 0 0 1 0 0 0 0 0 0 1 5.23921537399292
0 1 0 1 1 1 0 0 1 1 0 0 0 0 0 0 0 1 0 0 0 0 0 0 0 1 0 0 0 0 1 0 0 0 1 0 0 0 0 0 0 0 5.478005886077881
0 1 0 1 1 1 0 0 1 1 0 0 0 0 0 0 0 1 0 0 0 0 0 0 0 1 1 0 0 0 1 0 0 0 1 0 0 0 0 0 0 0 5.628633975982666
0 1 0 1 1 1 0 0 1 1 0 0 0 0 0 0 0 1 0 0 0 0 1 0 0 1 1 0 0 0 1 0 0 0 1 0 0 0 0 0 0 0 5.719135284423828
0 1 1 1 1 1 0 0 1 1 0 0 0 0 0 0 0 1 0 0 0 0 1 0 0 1 1 0 0 0 1 0 0 0 1 0 0 0 0 0 0 0 5.872188568115234
0 1 1 1 1 1 0 0 1 1 0 0 0 0 0 0 0 1 0 0 0 0 1 0 0 1 1 0 0 1 1 0 0 0 1 0 0 0 0 0 0 0 5.891351699829102
0 1 1 1 1 1 0 0 1 1 0 0 0 0 0 0 1 1 0 0 0 0 1 0 0 1 1 0 0 1 1 0 0 0 1 0 0 0 0 0 0 0 5.9685845375061035
0 1 1 1 1 1 0 0 1 1 0 0 0 0 0 0 1 1 0 0 0 0 1 0 0 1 1 0 0 1 1 0 0 0 1 0 0 0 1 0 0 0 5.9283952713012695
0 0 0 0 0 0 0 0 0 1 1 0 1 1 1 0 0 0 0 1 0 0 0 0 0 0 0 0 1 0 0 0 1 1 0 1 0 1 0 0 0 0 3.487769365310669
0 0 0 0 0 0 0 0 0 1 1 0 1 1 1 0 0 0 0 1 0 0 0 0 0 0 0 0 1 0 0 0 1 1 0 0 0 1 0 0 0 0 3.9059550762176514
0 0 0 0 1 0 0 0 0 1 1 0 1 1 1 0 0 0 0 1 0 0 0 0 0 0 0 0 1 0 0 0 1 1 0 0 0 1 0 0 0 0 4.310942649841309
0 0 0 0 1 0 0 0 0 1 1 0 1 1 1 0 0 0 0 1 0 0 0 0 0 0 0 0 1 0 0 0 1 1 0 0 0 0 0 0 0 0 4.612944602966309
0 0 0 0 1 0 0 0 0 1 1 0 1 1 1 0 0 0 0 1 0 0 0 0 0 0 0 0 1 0 0 0 1 1 0 0 0 0 1 0 0 0 4.88006067276001
0 0 0 0 1 0 0 0 0 1 1 0 1 1 1 1 0 0 0 1 0 0 0 0 0 0 0 0 1 0 0 0 1 1 0 0 0 0 1 0 0 0 5.059113025665283
0 0 0 0 1 0 0 0 0 1 1 0 1 1 1 1 0 1 0 1 0 0 0 0 0 0 0 0 1 0 0 0 1 1 0 0 0 0 1 0 0 0 5.219944953918457
0 0 0 0 1 0 0 0 0 1 1 0 1 0 1 1 0 1 0 1 0 0 0 0 0 0 0 0 1 0 0 0 1 1 0 0 0 0 1 0 0 0 5.522400856018066
0 0 0 0 1 0 0 0 0 1 1 0 1 0 1 1 0 1 0 1 0 0 0 0 0 0 0 0 1 0 0 0 1 1 0 0 0 0 1 1 0 0 5.644446849822998
0 0 0 0 1 0 0 0 0 1 1 0 1 0 1 1 0 1 0 1 0 0 0 0 0 1 0 0 1 0 0 0 1 1 0 0 0 0 1 1 0 0 5.773301601409912
0 0 0 0 1 0 0 0 0 1 1 0 1 0 1 1 0 1 0 1 0 0 0 0 0 1 0 0 1 0 0 0 1 1 1 0 0 0 1 1 0 0 5.85890531539917
0 0 0 0 1 1 0 0 0 1 1 0 1 0 1 1 0 1 0 1 0 0 0 0 0 1 0 0 1 0 0 0 1 1 1 0 0 0 1 1 0 0 5.904994010925293
0 0 0 0 1 1 0 0 1 1 1 0 1 0 1 1 0 1 0 1 0 0 0 0 0 1 0 0 1 0 0 0 1 1 1 0 0 0 1 1 0 0 5.95813512802124
0 0 0 0 1 1 1 0 1 1 1 0 1 0 1 1 0 1 0 1 0 0 0 0 0 1 0 0 1 0 0 0 1 1 1 0 0 0 1 1 0 0 6.015134334564209
0 0 0 0 1 1 1 0 1 1 1 0 0 0 1 1 0 1 0 1 0 0 0 0 0 1 0 0 1 0 0 0 1 1 1 0 0 0 1 1 0 0 6.037818908691406
0 0 0 0 1 1 1 0 1 1 1 0 0 0 1 1 0 1 0 1 0 0 0 0 0 1 0 0 1 0 1 0 1 1 1 0 0 0 1 1 0 0 6.097212314605713
0 0 0 0 1 1 1 0 1 1 1 0 0 0 1 1 0 1 0 1 0 0 0 0 0 1 0 1 1 0 1 0 1 1 1 0 0 0 1 1 0 0 6.171877861022949
0 0 0 0 1 1 1 0 1 1 1 0 0 0 1 1 0 1 0 1 0 0 0 0 0 0 0 1 1 0 1 0 1 1 1 0 0 0 1 1 0 0 6.313307285308838
0 0 0 0 1 1 1 0 1 1 1 0 0 0 1 1 0 1 0 0 0 0 0 0 0 0 0 1 1 0 1 0 1 1 1 0 0 0 1 1 0 0 6.387514591217041
0 0 0 0 1 1 1 0 1 1 1 0 0 0 1 1 0 1 0 0 1 0 0 0 0 0 0 1 1 0 1 0 1 1 1 0 0 0 1 1 0 0 6.429807186126709
0 0 0 0 1 1 1 0 1 1 1 0 0 0 1 1 0 1 0 0 1 0 0 0 0 0 1 1 1 0 1 0 1 1 1 0 0 0 1 1 0 0 6.466458797454834
0 0 0 0 1 1 1 1 1 1 1 0 0 0 1 1 0 1 0 0 1 0 0 0 0 0 1 1 1 0 1 0 1 1 1 0 0 0 1 1 0 0 6.52079963684082
0 0 0 0 1 1 1 1 1 1 1 0 0 0 1 1 0 1 0 0 1 0 0 0 0 0 1 1 1 0 1 0 1 1 1 0 0 0 1 1 1 0 6.529505729675293
0 0 0 0 1 0 1 1 1 1 1 0 0 0 1 1 0 1 0 0 1 0 0 0 0 0 1 1 1 0 1 0 1 1 1 0 0 0 1 1 1 0 6.535216331481934
0 0 0 0 1 1 1 1 1 1 1 0 0 0 1 1 0 1 0 0 1 0 0 0 0 0 1 1 1 0 1 0 1 1 1 0 0 0 1 1 1 0 6.529505729675293
0 1 0 1 1 0 0 0 0 1 1 0 0 0 0 1 0 1 0 0 0 0 0 0 0 1 0 0 0 0 0 1 0 1 0 0 0 0 0 0 0 1 4.358352184295654
0 1 0 1 1 0 0 0 0 1 0 0 0 0 0 1 0 1 0 0 0 0 0 0 0 1 0 0 0 0 0 1 0 1 0 0 0 0 0 0 0 1 4.573263645172119
0 1 0 1 1 0 0 0 0 1 0 0 0 0 0 1 0 1 0 0 0 0 0 0 0 1 0 0 0 0 0 1 0 0 0 0 0 0 0 0 0 1 4.818764686584473
0 1 0 1 1 0 0 0 0 1 0 0 0 0 0 1 1 1 0 0 0 0 0 0 0 1 0 0 0 0 0 1 0 0 0 0 0 0 0 0 0 1 5.03289794921875
0 1 0 1 1 0 0 0 0 1 0 0 0 0 0 1 1 1 0 0 0 0 0 0 0 1 0 0 0 0 0 1 0 0 0 0 0 0 1 0 0 1 5.092676162719727
1 1 0 1 1 0 0 0 0 1 0 0 0 0 0 1 1 1 0 0 0 0 0 0 0 1 0 0 0 0 0 1 0 0 0 0 0 0 1 0 0 1 5.19987154006958
1 1 0 1 1 0 0 0 0 1 0 0 0 1 0 1 1 1 0 0 0 0 0 0 0 1 0 0 0 0 0 1 0 0 0 0 0 0 1 0 0 1 5.27446174621582
1 1 0 1 1 0 0 0 0 1 0 0 1 1 0 1 1 1 0 0 0 0 0 0 0 1 0 0 0 0 0 1 0 0 0 0 0 0 1 0 0 1 5.401131629943848
1 1 0 1 1 0 0 0 0 1 0 0 1 1 0 1 1 1 0 0 0 0 0 0 0 1 0 0 0 1 0 1 0 0 0 0 0 0 1 0 0 1 5.41611909866333
1 1 0 1 1 0 0 0 0 1 0 0 1 1 0 1 1 1 0 0 0 0 0 0 0 1 0 0 0 1 1 1 0 0 0 0 0 0 1 0 0 1 5.448720455169678
1 1 0 1 1 0 0 0 0 1 0 0 1 1 0 1 1 1 0 0 0 0 0 0 0 1 0 0 0 1 1 1 1 0 0 0 0 0 1 0 0 1 5.716732978820801
1 1 0 1 1 0 0 0 0 1 0 0 1 1 0 1 1 1 0 0 0 0 0 0 0 1 0 0 0 1 1 1 1 0 1 0 0 0 1 0 0 1 5.769229888916016
1 1 1 1 1 0 0 0 0 1 0 0 1 1 0 1 1 1 0 0 0 0 0 0 0 1 0 0 0 1 1 1 1 0 1 0 0 0 1 0 0 1 5.934885025024414
1 1 1 1 1 0 0 0 0 1 0 0 1 1 1 1 1 1 0 0 0 0 0 0 0 1 0 0 0 1 1 1 1 0 1 0 0 0 1 0 0 1 5.97065544128418
1 1 1 1 1 0 0 0 0 1 0 0 1 1 1 0 1 1 0 0 0 0 0 0 0 1 0 0 0 1 1 1 1 0 1 0 0 0 1 0 0 1 5.961116313934326
0 0 0 1 1 1 0 0 1 1 1 0 0 0 0 1 0 0 1 0 0 0 0 0 0 0 0 0 0 1 0 0 0 1 0 0 0 0 0 0 0 1 3.6765799522399902
0 0 0 1 1 1 0 0 1 1 1 0 0 0 0 1 0 0 1 0 0 0 0 0 0 0 0 0 0 1 0 0 1 1 0 0 0 0 0 0 0 1 4.040938377380371
0 0 0 1 1 1 0 0 1 1 1 0 0 0 0 1 0 0 1 0 0 0 0 0 0 0 0 0 0 1 1 0 1 1 0 0 0 0 0 0 0 1 4.421123504638672
0 0 0 1 1 1 0 0 1 1 1 0 0 0 1 1 0 0 1 0 0 0 0 0 0 0 0 0 0 1 1 0 1 1 0 0 0 0 0 0 0 1 4.7625555992126465
0 0 0 1 1 1 0 0 1 1 1 0 0 0 1 1 0 1 1 0 0 0 0 0 0 0 0 0 0 1 1 0 1 1 0 0 0 0 0 0 0 1 5.043694019317627
0 0 0 1 1 1 0 0 1 1 1 0 0 0 1 1 0 1 0 0 0 0 0 0 0 0 0 0 0 1 1 0 1 1 0 0 0 0 0 0 0 1 5.283506870269775
0 0 0 1 1 1 0 0 1 1 1 0 0 0 1 1 0 1 0 0 0 0 0 0 0 1 0 0 0 1 1 0 1 1 0 0 0 0 0 0 0 1 5.431559085845947
0 0 0 1 1 1 0 0 1 1 1 0 0 0 1 1 0 1 0 0 0 0 0 0 0 1 0 0 0 1 1 0 1 1 0 0 0 0 0 0 0 0 5.498771667480469
0 0 0 1 1 1 0 0 1 1 1 0 0 0 1 1 0 1 0 0 0 0 0 0 0 1 0 0 1 1 1 0 1 1 0 0 0 0 0 0 0 0 5.595229625701904
0 0 0 1 1 1 0 0 1 1 1 0 0 0 1 1 0 1 0 0 0 0 0 0 0 1 0 0 1 1 1 0 1 1 0 0 0 0 1 0 0 0 5.757727146148682
0 0 0 1 1 1 0 0 1 1 1 0 0 0 1 1 0 1 0 0 0 0 0 0 0 1 0 0 1 1 1 0 1 1 0 0 0 0 1 1 0 0 5.88246488571167
0 0 0 1 1 1 0 0 1 1 1 0 0 0 1 1 0 1 0 0 0 0 0 0 0 1 0 0 1 1 1 0 1 1 1 0 0 0 1 1 0 0 5.9921417236328125
0 0 0 0 1 1 0 0 1 1 1 0 0 0 1 1 0 1 0 0 0 0 0 0 0 1 0 0 1 1 1 0 1 1 1 0 0 0 1 1 0 0 6.030930995941162
0 0 0 0 1 1 1 0 1 1 1 0 0 0 1 1 0 1 0 0 0 0 0 0 0 1 0 0 1 1 1 0 1 1 1 0 0 0 1 1 0 0 6.1321516036987305
0 0 0 0 1 1 1 0 1 1 1 0 1 0 1 1 0 1 0 0 0 0 0 0 0 1 0 0 1 1 1 0 1 1 1 0 0 0 1 1 0 0 6.163479804992676
0 0 0 0 1 0 1 0 1 1 1 0 1 0 1 1 0 1 0 0 0 0 0 0 0 1 0 0 1 1 1 0 1 1 1 0 0 0 1 1 0 0 6.149052143096924
0 0 1 0 1 0 0 0 0 1 1 0 0 0 0 1 0 1 0 0 0 0 0 0 0 0 0 0 1 1 0 0 1 1 1 0 0 0 0 0 0 0 5.034465789794922
0 0 1 0 1 0 0 0 0 1 1 0 0 0 1 1 0 1 0 0 0 0 0 0 0 0 0 0 1 1 0 0 1 1 1 0 0 0 0 0 0 0 5.364394664764404
0 0 1 0 1 0 0 0 0 1 1 0 0 0 1 1 0 1 0 0 0 0 0 0 0 0 0 0 1 1 0 0 1 1 1 0 0 0 0 1 0 0 5.576404094696045
0 0 1 0 1 0 0 0 1 1 1 0 0 0 1 1 0 1 0 0 0 0 0 0 0 0 0 0 1 1 0 0 1 1 1 0 0 0 0 1 0 0 5.691911220550537
0 0 1 0 1 0 0 0 1 1 1 0 0 0 1 1 0 1 0 0 0 0 0 0 0 0 0 1 1 1 0 0 1 1 1 0 0 0 0 1 0 0 5.8952813148498535
0 0 0 0 1 0 0 0 1 1 1 0 0 0 1 1 0 1 0 0 0 0 0 0 0 0 0 1 1 1 0 0 1 1 1 0 0 0 0 1 0 0 5.9118757247924805
0 0 0 0 1 0 0 0 1 1 1 0 0 0 1 1 0 1 0 0 0 0 0 0 0 0 0 1 1 1 1 0 1 1 1 0 0 0 0 1 0 0 6.023108959197998
0 0 0 0 1 0 1 0 1 1 1 0 0 0 1 1 0 1 0 0 0 0 0 0 0 0 0 1 1 1 1 0 1 1 1 0 0 0 0 1 0 0 6.193702697753906
0 0 0 0 1 0 1 0 1 1 1 0 0 0 1 1 0 1 0 0 0 0 0 0 0 0 0 1 1 0 1 0 1 1 1 0 0 0 0 1 0 0 6.293608665466309
0 0 0 0 1 0 1 0 1 1 1 0 0 0 1 1 0 1 0 0 0 0 0 0 0 0 0 1 1 0 1 0 1 1 1 0 0 0 1 1 0 0 6.389042377471924
0 0 0 0 1 0 1 0 1 1 1 0 0 0 1 1 0 1 0 0 1 0 0 0 0 0 0 1 1 0 1 0 1 1 1 0 0 0 1 1 0 0 6.401103973388672
0 0 0 0 1 0 1 0 1 1 1 0 0 0 1 1 0 1 0 0 1 0 0 0 0 0 1 1 1 0 1 0 1 1 1 0 0 0 1 1 0 0 6.486654758453369
0 0 0 0 1 0 1 1 1 1 1 0 0 0 1 1 0 1 0 0 1 0 0 0 0 0 1 1 1 0 1 0 1 1 1 0 0 0 1 1 0 0 6.526655673980713
0 0 0 0 1 0 1 1 1 1 1 0 0 0 1 1 0 1 0 0 1 0 0 0 0 0 1 1 1 0 1 0 1 1 1 0 0 0 1 1 1 0 6.535216331481934
0 0 0 0 1 1 1 1 1 1 1 0 0 0 1 1 0 1 0 0 1 0 0 0 0 0 1 1 1 0 1 0 1 1 1 0 0 0 1 1 1 0 6.529505729675293
0 1 0 0 1 1 0 0 0 1 0 0 0 1 0 0 0 0 0 0 1 1 0 0 0 0 0 0 1 0 0 0 1 0 1 1 0 0 0 0 0 0 3.587333917617798
0 1 0 0 1 1 0 0 0 1 0 0 0 1 0 0 0 1 0 0 1 1 0 0 0 0 0 0 1 0 0 0 1 0 1 1 0 0 0 0 0 0 4.03697395324707
0 1 0 0 1 1 0 0 0 1 0 0 0 1 0 0 0 1 0 0 1 0 0 0 0 0 0 0 1 0 0 0 1 0 1 1 0 0 0 0 0 0 4.348934173583984
0 1 0 0 1 1 0 0 0 1 0 0 0 1 0 0 0 1 0 0 0 0 0 0 0 0 0 0 1 0 0 0 1 0 1 1 0 0 0 0 0 0 4.644750118255615
0 1 0 0 1 1 0 0 0 1 0 0 0 1 0 0 0 1 0 0 0 0 0 0 0 1 0 0 1 0 0 0 1 0 1 1 0 0 0 0 0 0 4.871199607849121
0 1 0 0 1 1 0 0 0 1 0 0 0 1 0 0 0 1 0 0 0 0 0 0 0 1 0 0 1 1 0 0 1 0 1 1 0 0 0 0 0 0 5.106257438659668
0 1 0 0 1 1 0 0 0 1 0 0 0 1 0 0 0 1 0 0 0 0 0 0 0 1 0 0 1 1 0 0 1 0 1 0 0 0 0 0 0 0 5.268836975097656
0 1 0 0 1 1 0 0 0 1 0 0 0 1 0 0 0 1 0 0 0 0 0 0 0 1 0 0 1 1 1 0 1 0 1 0 0 0 0 0 0 0 5.384525775909424
0 1 0 1 1 1 0 0 0 1 0 0 0 1 0 0 0 1 0 0 0 0 0 0 0 1 0 0 1 1 1 0 1 0 1 0 0 0 0 0 0 0 5.5513715744018555
0 1 0 1 1 1 0 0 0 1 0 0 0 1 0 0 0 1 0 0 0 0 0 0 0 1 0 0 1 1 1 0 1 0 1 0 0 0 1 0 0 0 5.672720909118652
0 1 1 1 1 1 0 0 0 1 0 0 0 1 0 0 0 1 0 0 0 0 0 0 0 1 0 0 1 1 1 0 1 0 1 0 0 0 1 0 0 0 5.793346881866455
0 1 1 1 1 1 0 0 0 1 0 0 1 1 0 0 0 1 0 0 0 0 0 0 0 1 0 0 1 1 1 0 1 0 1 0 0 0 1 0 0 0 5.799356937408447
0 1 1 1 1 1 0 0 0 1 0 0 1 1 1 0 0 1 0 0 0 0 0 0 0 1 0 0 1 1 1 0 1 0 1 0 0 0 1 0 0 0 5.872335910797119
0 1 1 1 1 1 0 0 0 1 0 0 1 1 1 1 0 1 0 0 0 0 0 0 0 1 0 0 1 1 1 0 1 0 1 0 0 0 1 0 0 0 5.890360355377197
0 1 1 1 1 1 0 0 0 1 0 0 1 1 1 1 0 1 0 0 0 0 0 0 0 1 0 0 1 1 1 1 1 0 1 0 0 0 1 0 0 0 5.915453910827637
0 1 1 1 1 1 0 0 0 1 0 0 1 1 1 1 0 1 0 0 0 0 0 0 0 1 0 0 1 1 1 1 1 0 1 0 0 0 1 0 0 1 5.993185997009277
0 1 1 1 1 1 0 0 0 1 0 0 1 1 0 1 0 1 0 0 0 0 0 0 0 1 0 0 1 1 1 1 1 0 1 0 0 0 1 0 0 1 5.9462890625
0 1 0 1 1 0 0 0 1 1 0 0 0 0 0 1 0 0 1 0 0 0 0 0 0 0 0 1 0 1 0 0 0 1 0 0 0 1 0 0 0 0 2.8943607807159424
0 1 0 1 1 0 0 0 1 1 0 0 0 0 0 1 0 0 1 0 0 0 0 0 0 0 0 1 0 1 0 0 0 1 0 0 0 1 0 1 0 0 3.354254961013794
0 0 0 1 1 0 0 0 1 1 0 0 0 0 0 1 0 0 1 0 0 0 0 0 0 0 0 1 0 1 0 0 0 1 0 0 0 1 0 1 0 0 3.72048020362854
0 0 0 1 1 0 0 0 1 1 0 0 0 0 0 1 0 0 1 0 0 0 0 0 0 0 0 1 1 1 0 0 0 1 0 0 0 1 0 1 0 0 4.0800323486328125
0 0 0 1 1 0 0 0 1 1 0 0 0 0 0 1 0 0 1 0 0 0 0 0 0 0 0 1 1 1 0 0 0 1 0 0 0 0 0 1 0 0 4.387984275817871
0 0 0 1 1 0 0 0 1 1 0 0 0 0 0 1 0 0 1 0 0 0 0 0 0 0 0 1 1 1 0 0 1 1 0 0 0 0 0 1 0 0 4.7341766357421875
0 0 0 1 1 0 0 0 1 1 0 0 0 0 1 1 0 0 1 0 0 0 0 0 0 0 0 1 1 1 0 0 1 1 0 0 0 0 0 1 0 0 5.0980329513549805
0 0 0 0 1 0 0 0 1 1 0 0 0 0 1 1 0 0 1 0 0 0 0 0 0 0 0 1 1 1 0 0 1 1 0 0 0 0 0 1 0 0 5.256594181060791
0 0 0 0 1 0 0 0 1 1 1 0 0 0 1 1 0 0 1 0 0 0 0 0 0 0 0 1 1 1 0 0 1 1 0 0 0 0 0 1 0 0 5.378795623779297
0 0 0 0 1 0 0 0 1 1 1 0 0 0 1 1 0 0 1 0 0 0 0 0 0 0 0 1 1 1 0 0 1 1 1 0 0 0 0 1 0 0 5.616641521453857
0 0 0 0 1 0 0 0 1 1 1 0 0 0 1 1 0 0 0 0 0 0 0 0 0 0 0 1 1 1 0 0 1 1 1 0 0 0 0 1 0 0 5.795742511749268
0 0 0 0 1 0 0 0 1 1 1 0 0 0 1 1 0 1 0 0 0 0 0 0 0 0 0 1 1 1 0 0 1 1 1 0 0 0 0 1 0 0 5.9118757247924805
0 0 0 0 1 0 0 0 1 1 1 0 0 0 1 1 0 1 0 0 0 0 0 0 0 0 0 1 1 1 1 0 1 1 1 0 0 0 0 1 0 0 6.023108959197998
0 0 0 0 1 0 1 0 1 1 1 0 0 0 1 1 0 1 0 0 0 0 0 0 0 0 0 1 1 1 1 0 1 1 1 0 0 0 0 1 0 0 6.193702697753906
0 0 0 0 1 0 1 0 1 1 1 0 0 0 1 1 0 1 0 0 0 0 0 0 0 0 0 1 1 0 1 0 1 1 1 0 0 0 0 1 0 0 6.293608665466309
0 0 0 0 1 0 1 0 1 1 1 0 0 0 1 1 0 1 0 0 0 0 0 0 0 0 0 1 1 0 1 0 1 1 1 0 0 0 1 1 0 0 6.389042377471924
0 0 0 0 1 0 1 0 1 1 1 0 0 0 1 1 0 1 0 0 1 0 0 0 0 0 0 1 1 0 1 0 1 1 1 0 0 0 1 1 0 0 6.401103973388672
0 0 0 0 1 0 1 0 1 1 1 0 0 0 1 1 0 1 0 0 1 0 0 0 0 0 1 1 1 0 1 0 1 1 1 0 0 0 1 1 0 0 6.486654758453369
0 0 0 0 1 0 1 1 1 1 1 0 0 0 1 1 0 1 0 0 1 0 0 0 0 0 1 1 1 0 1 0 1 1 1 0 0 0 1 1 0 0 6.526655673980713
0 0 0 0 1 0 1 1 1 1 1 0 0 0 1 1 0 1 0 0 1 0 0 0 0 0 1 1 1 0 1 0 1 1 1 0 0 0 1 1 1 0 6.535216331481934
0 0 0 0 1 1 1 1 1 1 1 0 0 0 1 1 0 1 0 0 1 0 0 0 0 0 1 1 1 0 1 0 1 1 1 0 0 0 1 1 1 0 6.529505729675293
0 0 0 0 0 1 0 0 1 1 1 0 1 1 1 0 0 0 0 1 0 0 0 0 0 0 0 0 0 0 0 0 1 1 0 0 0 1 0 0 0 0 4.030351161956787
0 0 0 0 0 1 0 0 1 1 1 0 1 1 1 0 0 0 0 1 0 0 0 0 0 0 0 0 0 0 0 0 1 1 0 0 0 1 0 1 0 0 4.391796588897705
0 0 0 0 0 1 0 0 1 1 1 0 1 0 1 0 0 0 0 1 0 0 0 0 0 0 0 0 0 0 0 0 1 1 0 0 0 1 0 1 0 0 4.638535022735596
0 0 0 0 0 1 0 0 1 1 1 0 0 0 1 0 0 0 0 1 0 0 0 0 0 0 0 0 0 0 0 0 1 1 0 0 0 1 0 1 0 0 4.844291687011719
0 0 0 0 1 1 0 0 1 1 1 0 0 0 1 0 0 0 0 1 0 0 0 0 0 0 0 0 0 0 0 0 1 1 0 0 0 1 0 1 0 0 5.122337818145752
0 0 0 0 1 1 0 0 1 1 1 0 0 0 1 0 0 0 0 1 0 0 0 0 0 0 0 1 0 0 0 0 1 1 0 0 0 1 0 1 0 0 5.324453830718994
0 0 0 0 1 1 0 0 1 1 1 0 0 0 1 0 0 0 0 1 0 0 0 0 0 0 0 1 1 0 0 0 1 1 0 0 0 1 0 1 0 0 5.490444183349609
0 0 0 0 1 1 0 0 1 1 1 0 0 0 1 0 0 0 0 1 0 0 0 0 0 0 0 1 1 0 0 0 1 1 1 0 0 1 0 1 0 0 5.7676897048950195
0 0 0 0 1 1 0 0 1 1 1 0 0 0 1 0 0 0 0 1 0 0 0 0 0 0 0 1 1 0 0 0 1 1 1 0 0 0 0 1 0 0 5.943205833435059
0 0 0 0 1 1 0 0 1 1 1 0 0 0 1 1 0 0 0 1 0 0 0 0 0 0 0 1 1 0 0 0 1 1 1 0 0 0 0 1 0 0 6.0322771072387695
0 0 0 0 1 1 0 0 1 1 1 0 0 0 1 1 0 1 0 1 0 0 0 0 0 0 0 1 1 0 0 0 1 1 1 0 0 0 0 1 0 0 6.128293514251709
0 0 0 0 1 1 1 0 1 1 1 0 0 0 1 1 0 1 0 1 0 0 0 0 0 0 0 1 1 0 0 0 1 1 1 0 0 0 0 1 0 0 6.249099254608154
0 0 0 0 1 1 1 0 1 1 1 0 0 0 1 1 0 1 0 1 0 0 0 0 0 0 0 1 1 0 1 0 1 1 1 0 0 0 0 1 0 0 6.30394172668457
0 0 0 0 1 1 1 0 1 1 1 0 0 0 1 1 0 1 0 1 0 0 0 0 0 0 1 1 1 0 1 0 1 1 1 0 0 0 0 1 0 0 6.368302822113037
0 0 0 0 1 1 1 0 1 1 1 0 0 0 1 1 0 1 0 1 1 0 0 0 0 0 1 1 1 0 1 0 1 1 1 0 0 0 0 1 0 0 6.404228687286377
0 0 0 0 1 1 1 0 1 1 1 0 0 0 1 1 0 1 0 1 1 0 0 0 0 0 1 1 1 0 1 0 1 1 1 0 0 0 1 1 0 0 6.427456378936768
0 0 0 0 1 1 1 0 1 1 1 0 0 0 1 1 0 1 0 0 1 0 0 0 0 0 1 1 1 0 1 0 1 1 1 0 0 0 1 1 0 0 6.466458797454834
0 0 0 0 1 1 1 1 1 1 1 0 0 0 1 1 0 1 0 0 1 0 0 0 0 0 1 1 1 0 1 0 1 1 1 0 0 0 1 1 0 0 6.52079963684082
0 0 0 0 1 1 1 1 1 1 1 0 0 0 1 1 0 1 0 0 1 0 0 0 0 0 1 1 1 0 1 0 1 1 1 0 0 0 1 1 1 0 6.529505729675293
0 0 0 0 1 0 1 1 1 1 1 0 0 0 1 1 0 1 0 0 1 0 0 0 0 0 1 1 1 0 1 0 1 1 1 0 0 0 1 1 1 0 6.535216331481934
0 0 0 0 1 1 1 1 1 1 1 0 0 0 1 1 0 1 0 0 1 0 0 0 0 0 1 1 1 0 1 0 1 1 1 0 0 0 1 1 1 0 6.529505729675293
0 1 0 1 1 0 0 0 0 1 0 0 0 1 0 0 0 0 1 0 0 0 0 0 0 1 0 1 0 1 0 0 0 0 0 0 0 0 1 0 0 1 3.579585313796997
0 1 0 1 1 0 0 0 0 1 0 0 0 1 0 0 0 1 1 0 0 0 0 0 0 1 0 1 0 1 0 0 0 0 0 0 0 0 1 0 0 1 4.058187007904053
0 1 0 1 1 0 0 0 0 1 0 0 0 1 0 0 0 1 0 0 0 0 0 0 0 1 0 1 0 1 0 0 0 0 0 0 0 0 1 0 0 1 4.565422058105469
0 1 0 1 1 0 0 0 0 1 0 0 0 1 0 0 0 1 0 0 0 0 0 0 0 1 0 0 0 1 0 0 0 0 0 0 0 0 1 0 0 1 4.86787748336792
0 1 0 1 1 0 0 0 0 1 0 0 0 1 0 0 1 1 0 0 0 0 0 0 0 1 0 0 0 1 0 0 0 0 0 0 0 0 1 0 0 1 5.091012954711914
0 1 0 1 1 0 0 0 0 1 0 0 0 1 0 0 1 1 0 0 0 0 0 0 0 1 0 0 0 1 0 0 1 0 0 0 0 0 1 0 0 1 5.223352432250977
0 1 0 1 1 0 0 0 0 1 0 0 0 1 0 0 1 1 0 0 0 0 0 0 0 1 0 0 0 1 1 0 1 0 0 0 0 0 1 0 0 1 5.404880046844482
0 1 0 1 1 0 0 0 0 1 0 0 0 1 0 0 1 1 0 0 0 0 0 0 0 1 0 0 0 1 1 0 1 0 1 0 0 0 1 0 0 1 5.5617570877075195
0 1 0 1 1 0 0 0 0 1 0 0 0 1 0 0 1 1 0 0 0 0 0 0 0 1 1 0 0 1 1 0 1 0 1 0 0 0 1 0 0 1 5.6510009765625
0 1 1 1 1 0 0 0 0 1 0 0 0 1 0 0 1 1 0 0 0 0 0 0 0 1 1 0 0 1 1 0 1 0 1 0 0 0 1 0 0 1 5.796460151672363
0 1 1 1 1 0 0 0 0 1 0 0 1 1 0 0 1 1 0 0 0 0 0 0 0 1 1 0 0 1 1 0 1 0 1 0 0 0 1 0 0 1 5.896724700927734
0 1 1 1 1 0 0 0 0 1 0 0 1 1 1 0 1 1 0 0 0 0 0 0 0 1 1 0 0 1 1 0 1 0 1 0 0 0 1 0 0 1 5.887707710266113
0 1 0 0 1 1 0 0 1 0 0 0 0 1 1 0 0 0 1 0 0 0 0 0 0 1 0 0 0 1 0 0 0 1 0 0 0 1 0 0 0 0 3.877673864364624
0 1 0 0 1 1 0 0 1 1 0 0 0 1 1 0 0 0 1 0 0 0 0 0 0 1 0 0 0 1 0 0 0 1 0 0 0 1 0 0 0 0 4.154077529907227
0 1 0 0 1 1 0 0 1 1 0 0 0 1 1 0 0 1 1 0 0 0 0 0 0 1 0 0 0 1 0 0 0 1 0 0 0 1 0 0 0 0 4.482927322387695
0 1 0 0 1 1 0 0 1 1 0 0 0 1 1 0 0 1 1 0 0 0 0 0 0 1 0 0 0 1 0 0 0 1 0 0 0 0 0 0 0 0 4.848229885101318
0 1 0 0 1 1 0 0 1 1 0 0 0 1 1 0 0 1 0 0 0 0 0 0 0 1 0 0 0 1 0 0 0 1 0 0 0 0 0 0 0 0 5.020110130310059
0 1 1 0 1 1 0 0 1 1 0 0 0 1 1 0 0 1 0 0 0 0 0 0 0 1 0 0 0 1 0 0 0 1 0 0 0 0 0 0 0 0 5.1215057373046875
0 1 1 1 1 1 0 0 1 1 0 0 0 1 1 0 0 1 0 0 0 0 0 0 0 1 0 0 0 1 0 0 0 1 0 0 0 0 0 0 0 0 5.231712341308594
0 1 1 1 1 1 0 0 1 1 0 0 0 1 1 0 0 1 0 0 0 0 0 0 0 1 0 0 0 1 1 0 0 1 0 0 0 0 0 0 0 0 5.318698406219482
0 1 1 1 1 1 0 0 1 1 0 0 0 1 1 0 0 1 0 0 0 0 0 0 0 1 0 0 0 1 1 0 0 1 1 0 0 0 0 0 0 0 5.559902191162109
0 1 1 1 1 1 0 0 1 1 0 0 0 1 0 0 0 1 0 0 0 0 0 0 0 1 0 0 0 1 1 0 0 1 1 0 0 0 0 0 0 0 5.662895202636719
0 1 1 1 1 1 0 0 1 1 0 0 0 1 0 0 0 1 0 0 0 0 0 0 0 1 1 0 0 1 1 0 0 1 1 0 0 0 0 0 0 0 5.75236177444458
0 1 1 1 1 1 0 0 1 1 0 0 0 0 0 0 0 1 0 0 0 0 0 0 0 1 1 0 0 1 1 0 0 1 1 0 0 0 0 0 0 0 5.790521621704102
0 1 1 1 1 1 0 0 1 1 0 0 0 0 0 0 0 1 0 0 0 0 1 0 0 1 1 0 0 1 1 0 0 1 1 0 0 0 0 0 0 0 5.8675994873046875
0 1 1 1 1 1 0 0 1 1 0 0 0 0 0 0 0 1 0 0 0 0 1 0 0 1 1 0 0 1 1 0 0 0 1 0 0 0 0 0 0 0 5.891351699829102
0 1 1 1 1 1 0 0 1 1 0 0 0 0 0 0 1 1 0 0 0 0 1 0 0 1 1 0 0 1 1 0 0 0 1 0 0 0 0 0 0 0 5.9685845375061035
0 1 1 1 1 1 0 0 1 1 0 0 0 0 0 0 1 1 0 0 0 0 1 0 0 1 1 0 0 1 1 0 0 0 1 0 0 0 1 0 0 0 5.9283952713012695
0 0 0 0 1 1 0 0 1 0 1 0 0 0 1 0 1 1 0 0 1 0 0 0 0 0 0 0 0 1 0 0 0 1 1 0 0 0 0 0 0 0 4.205203533172607
0 0 0 0 1 1 0 0 1 1 1 0 0 0 1 0 1 1 0 0 1 0 0 0 0 0 0 0 0 1 0 0 0 1 1 0 0 0 0 0 0 0 4.762664318084717
0 0 0 0 1 1 0 0 1 1 1 0 0 0 1 0 1 1 0 0 1 0 0 0 0 0 0 0 0 1 0 0 1 1 1 0 0 0 0 0 0 0 5.094948768615723
0 0 0 0 1 1 0 0 1 1 1 0 0 0 1 0 1 1 0 0 1 0 0 0 0 0 0 0 0 1 1 0 1 1 1 0 0 0 0 0 0 0 5.489280700683594
0 0 0 0 1 1 0 0 1 1 1 0 0 0 1 0 1 1 0 0 1 0 0 0 0 0 0 1 0 1 1 0 1 1 1 0 0 0 0 0 0 0 5.834493160247803
0 0 0 0 1 1 0 0 1 1 1 0 0 0 1 0 1 1 0 0 1 0 0 0 0 0 0 1 0 1 1 0 1 1 1 0 0 0 0 1 0 0 6.0941267013549805
0 0 0 0 1 1 0 0 1 1 1 0 0 0 1 0 1 1 0 0 1 0 0 0 0 0 0 1 0 0 1 0 1 1 1 0 0 0 0 1 0 0 6.163862705230713
0 0 0 0 1 1 0 0 1 1 1 0 0 0 1 0 1 1 0 0 1 0 0 0 0 0 0 1 0 0 1 0 1 0 1 0 0 0 0 1 0 0 6.372018814086914
0 0 0 0 1 1 0 0 1 1 1 0 0 0 1 0 1 1 0 0 1 0 0 0 0 0 1 1 0 0 1 0 1 0 1 0 0 0 0 1 0 0 6.463005542755127
0 0 0 0 1 1 0 0 1 1 1 0 0 0 1 0 0 1 0 0 1 0 0 0 0 0 1 1 0 0 1 0 1 0 1 0 0 0 0 1 0 0 6.47136116027832
0 0 0 0 1 1 0 0 1 1 1 1 0 0 1 0 0 1 0 0 1 0 0 0 0 0 1 1 0 0 1 0 1 0 1 0 0 0 0 1 0 0 6.488876819610596
0 0 0 0 1 1 0 0 1 1 1 1 0 0 1 0 0 1 0 0 1 0 0 0 1 0 1 1 0 0 1 0 1 0 1 0 0 0 0 1 0 0 6.48881721496582
0 0 0 1 1 0 0 0 0 0 0 1 0 0 0 0 0 1 1 1 0 0 0 0 0 0 1 0 1 1 0 0 0 0 0 0 0 0 1 0 0 1 3.6277694702148438
0 0 0 1 1 0 0 0 0 1 0 1 0 0 0 0 0 1 1 1 0 0 0 0 0 0 1 0 1 1 0 0 0 0 0 0 0 0 1 0 0 1 4.025312423706055
0 0 0 1 1 0 0 0 0 1 0 1 0 0 0 0 0 1 1 1 0 0 0 0 0 0 1 0 1 1 1 0 0 0 0 0 0 0 1 0 0 1 4.469519138336182
0 0 0 1 1 0 0 0 0 1 0 1 0 0 0 0 0 1 1 1 0 0 0 0 0 1 1 0 1 1 1 0 0 0 0 0 0 0 1 0 0 1 4.706679821014404
0 0 0 1 1 0 0 0 0 1 0 1 0 0 0 0 0 1 1 1 0 0 0 0 0 1 1 0 1 1 1 0 0 0 1 0 0 0 1 0 0 1 4.973114967346191
0 0 0 1 1 0 0 0 0 1 0 1 0 0 0 0 0 1 1 1 0 0 0 0 0 1 1 0 1 1 1 0 0 0 1 0 0 0 1 0 0 0 5.15069055557251
0 0 0 1 1 0 0 0 0 1 0 1 0 0 0 0 0 1 1 0 0 0 0 0 0 1 1 0 1 1 1 0 0 0 1 0 0 0 1 0 0 0 5.3468780517578125
0 0 0 1 1 0 0 0 1 1 0 1 0 0 0 0 0 1 1 0 0 0 0 0 0 1 1 0 1 1 1 0 0 0 1 0 0 0 1 0 0 0 5.511808395385742
0 0 0 1 1 1 0 0 1 1 0 1 0 0 0 0 0 1 1 0 0 0 0 0 0 1 1 0 1 1 1 0 0 0 1 0 0 0 1 0 0 0 5.548676013946533
0 0 0 1 1 1 0 0 1 1 0 1 0 0 0 0 0 1 1 0 0 0 1 0 0 1 1 0 1 1 1 0 0 0 1 0 0 0 1 0 0 0 5.592949390411377
0 1 0 1 1 1 0 0 1 1 0 1 0 0 0 0 0 1 1 0 0 0 1 0 0 1 1 0 1 1 1 0 0 0 1 0 0 0 1 0 0 0 5.627965450286865
0 1 1 1 1 1 0 0 1 1 0 1 0 0 0 0 0 1 1 0 0 0 1 0 0 1 1 0 1 1 1 0 0 0 1 0 0 0 1 0 0 0 5.6547136306762695
0 1 1 1 1 1 0 0 1 1 0 0 0 0 0 0 0 1 1 0 0 0 1 0 0 1 1 0 1 1 1 0 0 0 1 0 0 0 1 0 0 0 5.779270172119141
0 1 1 1 1 1 0 0 1 1 0 0 0 0 0 0 0 1 0 0 0 0 1 0 0 1 1 0 1 1 1 0 0 0 1 0 0 0 1 0 0 0 5.86836576461792
0 1 1 1 1 1 0 0 1 1 0 0 0 1 0 0 0 1 0 0 0 0 1 0 0 1 1 0 1 1 1 0 0 0 1 0 0 0 1 0 0 0 5.899726390838623
0 1 1 1 1 1 0 0 0 1 0 0 0 1 0 0 0 1 0 0 0 0 1 0 0 1 1 0 1 1 1 0 0 0 1 0 0 0 1 0 0 0 5.9189558029174805
0 1 1 1 1 1 0 0 1 1 0 0 0 1 0 0 0 1 0 0 0 0 1 0 0 1 1 0 1 1 1 0 0 0 1 0 0 0 1 0 0 0 5.899726390838623
