0 0 1 0 1 1 0 0 1 0 0 0 0 1 1 1 0 1 0 0 0 0 0 0 0 0 0 0 0 1 0 0 0 1 1 0 0 0 0 0 0 0 5.562664031982422
0 0 1 0 1 1 0 0 1 1 0 0 0 1 1 1 0 1 0 0 0 0 0 0 0 0 0 0 0 1 0 0 0 1 1 0 0 0 0 0 0 0 6.102731704711914
0 0 1 0 1 1 0 0 1 1 0 0 0 1 1 1 0 1 0 0 0 0 0 0 0 0 1 0 0 1 0 0 0 1 1 0 0 0 0 0 0 0 6.435324668884277
0 0 1 0 1 1 0 0 1 1 0 0 0 1 1 1 0 1 0 0 0 0 0 0 0 0 1 0 0 1 1 0 0 1 1 0 0 0 0 0 0 0 6.700939655303955
0 0 1 0 1 1 0 0 1 1 0 0 0 1 1 1 0 1 0 0 0 0 0 0 0 1 1 0 0 1 1 0 0 1 1 0 0 0 0 0 0 0 7.0280866622924805
0 0 1 0 1 1 0 0 1 1 0 0 0 1 1 1 0 1 0 0 0 0 0 0 0 1 1 0 1 1 1 0 0 1 1 0 0 0 0 0 0 0 7.161901473999023
0 0 1 0 1 1 0 0 1 1 0 0 0 1 1 1 0 1 1 0 0 0 0 0 0 1 1 0 1 1 1 0 0 1 1 0 0 0 0 0 0 0 7.246273994445801
0 0 1 0 1 1 0 0 1 1 0 0 0 1 1 1 0 1 1 0 0 0 0 0 0 1 1 0 1 1 1 0 0 1 1 0 0 0 0 1 0 0 7.291679859161377
0 0 1 0 1 1 1 0 1 1 0 0 0 1 1 1 0 1 1 0 0 0 0 0 0 1 1 0 1 1 1 0 0 1 1 0 0 0 0 1 0 0 7.338583469390869
0 0 1 0 1 1 1 0 1 1 0 0 0 1 1 1 0 1 1 0 0 0 0 0 0 1 1 0 1 1 1 0 0 1 1 0 0 0 1 1 0 0 7.346484184265137
0 0 1 0 1 1 1 0 1 1 0 0 0 1 1 1 0 1 1 0 0 0 0 0 1 1 1 0 1 1 1 0 0 1 1 0 0 0 1 1 0 0 7.348084449768066
0 0 1 0 1 1 1 0 1 1 0 0 0 1 1 1 0 1 1 0 0 0 0 0 0 1 1 0 1 1 1 0 0 1 1 0 0 0 1 1 0 0 7.346484184265137
0 0 1 0 1 0 0 0 0 1 1 0 0 0 1 1 0 0 1 0 0 0 0 0 0 1 0 0 0 1 0 0 0 1 0 0 0 0 0 0 0 1 4.969428539276123
0 0 1 0 1 0 0 0 0 1 1 0 0 0 1 1 0 1 1 0 0 0 0 0 0 1 0 0 0 1 0 0 0 1 0 0 0 0 0 0 0 1 5.445704460144043
0 0 1 0 1 0 0 0 0 1 1 0 0 0 1 1 0 1 1 0 0 0 0 0 0 1 0 0 0 1 0 0 0 1 0 0 0 0 0 0 0 0 5.796986103057861
0 0 1 0 1 0 0 0 0 1 0 0 0 0 1 1 0 1 1 0 0 0 0 0 0 1 0 0 0 1 0 0 0 1 0 0 0 0 0 0 0 0 6.043463706970215
0 0 1 0 1 0 0 0 0 1 0 0 0 0 1 1 0 1 1 0 0 0 0 0 0 1 1 0 0 1 0 0 0 1 0 0 0 0 0 0 0 0 6.36346960067749
0 0 1 0 1 0 0 0 0 1 0 0 0 0 1 1 0 1 1 0 0 0 0 0 0 1 1 0 0 1 1 0 0 1 0 0 0 0 0 0 0 0 6.677938938140869
0 0 1 0 1 0 0 0 1 1 0 0 0 0 1 1 0 1 1 0 0 0 0 0 0 1 1 0 0 1 1 0 0 1 0 0 0 0 0 0 0 0 6.845961093902588
0 0 1 0 1 0 0 0 1 1 0 0 0 0 1 1 0 1 1 0 0 0 0 0 0 1 1 0 0 1 1 0 0 1 1 0 0 0 0 0 0 0 7.107133388519287
0 0 1 0 1 0 0 0 1 1 0 0 0 0 1 1 0 1 1 0 0 0 0 0 0 1 1 0 0 1 1 0 0 1 1 0 0 0 0 1 0 0 7.166922092437744
0 0 1 0 1 0 0 0 1 1 0 0 0 0 1 1 0 1 1 0 0 0 0 0 0 1 1 0 1 1 1 0 0 1 1 0 0 0 0 1 0 0 7.2574663162231445
0 0 1 0 1 0 1 0 1 1 0 0 0 0 1 1 0 1 1 0 0 0 0 0 0 1 1 0 1 1 1 0 0 1 1 0 0 0 0 1 0 0 7.305946350097656
0 0 1 0 1 1 1 0 1 1 0 0 0 0 1 1 0 1 1 0 0 0 0 0 0 1 1 0 1 1 1 0 0 1 1 0 0 0 0 1 0 0 7.331790924072266
0 0 1 0 1 1 1 0 1 1 0 0 0 0 1 1 0 1 1 0 0 0 0 0 0 1 1 0 1 1 1 0 0 1 1 0 0 0 1 1 0 0 7.340425968170166
0 0 1 0 1 1 1 0 1 1 0 0 0 1 1 1 0 1 1 0 0 0 0 0 0 1 1 0 1 1 1 0 0 1 1 0 0 0 1 1 0 0 7.346484184265137
0 0 1 0 1 1 1 0 1 1 0 0 0 1 1 1 0 1 1 0 0 0 0 0 1 1 1 0 1 1 1 0 0 1 1 0 0 0 1 1 0 0 7.348084449768066
0 0 1 0 1 1 1 0 1 1 0 0 0 1 1 1 0 1 1 0 0 0 0 0 0 1 1 0 1 1 1 0 0 1 1 0 0 0 1 1 0 0 7.346484184265137
0 0 0 0 0 1 0 0 1 1 0 0 0 0 0 0 1 1 0 0 1 1 0 0 0 0 0 0 1 0 1 0 0 0 0 1 0 0 0 1 0 0 3.5608344078063965
0 0 0 0 0 1 0 0 1 1 0 0 0 0 0 0 1 1 0 0 1 1 0 0 0 0 0 0 0 0 1 0 0 0 0 1 0 0 0 1 0 0 4.17965841293335
0 0 0 0 0 1 0 0 1 1 0 0 0 0 0 0 1 1 0 0 1 1 0 0 0 0 0 0 0 0 1 0 0 0 1 1 0 0 0 1 0 0 4.607807159423828
0 0 0 0 0 1 0 0 1 1 0 0 0 0 0 0 1 1 0 0 1 0 0 0 0 0 0 0 0 0 1 0 0 0 1 1 0 0 0 1 0 0 5.050293922424316
0 0 0 0 0 1 0 0 1 1 0 0 0 0 1 0 1 1 0 0 1 0 0 0 0 0 0 0 0 0 1 0 0 0 1 1 0 0 0 1 0 0 5.3093438148498535
0 0 0 0 0 1 0 0 1 1 0 0 0 0 1 0 1 1 0 0 1 0 0 0 0 0 0 0 0 0 1 0 1 0 1 1 0 0 0 1 0 0 5.610278129577637
0 0 0 0 0 1 0 0 1 1 0 0 0 0 1 0 1 1 0 0 1 0 0 0 0 0 0 1 0 0 1 0 1 0 1 1 0 0 0 1 0 0 5.942415714263916
0 0 0 0 0 1 0 0 1 1 0 0 0 0 1 1 1 1 0 0 1 0 0 0 0 0 0 1 0 0 1 0 1 0 1 1 0 0 0 1 0 0 6.135059833526611
0 0 0 0 1 1 0 0 1 1 0 0 0 0 1 1 1 1 0 0 1 0 0 0 0 0 0 1 0 0 1 0 1 0 1 1 0 0 0 1 0 0 6.3118367195129395
0 0 0 0 1 1 0 0 1 1 0 0 0 0 1 1 1 1 0 0 1 0 0 0 0 1 0 1 0 0 1 0 1 0 1 1 0 0 0 1 0 0 6.507619857788086
0 0 0 0 1 1 0 0 1 1 0 0 0 0 1 1 1 1 0 0 1 0 0 0 0 1 0 1 0 0 0 0 1 0 1 1 0 0 0 1 0 0 6.670432090759277
0 0 0 0 1 1 0 0 1 1 0 0 0 0 1 1 1 1 0 0 1 0 0 0 0 1 0 1 0 0 0 0 1 0 1 1 0 0 0 1 1 0 6.781709671020508
0 0 0 0 1 1 0 0 1 1 0 0 0 1 1 1 1 1 0 0 1 0 0 0 0 1 0 1 0 0 0 0 1 0 1 1 0 0 0 1 1 0 6.881683826446533
0 0 0 0 1 1 0 0 1 1 0 0 0 1 1 1 1 1 0 0 1 0 0 0 0 1 0 1 0 0 0 0 1 1 1 1 0 0 0 1 1 0 6.9424285888671875
0 0 0 0 1 1 0 0 1 1 1 0 0 1 1 1 1 1 0 0 1 0 0 0 0 1 0 1 0 0 0 0 1 1 1 1 0 0 0 1 1 0 7.020803451538086
0 0 0 0 1 1 0 0 1 1 1 0 0 1 1 1 1 1 0 0 1 0 0 0 0 1 0 1 0 0 0 0 1 1 1 1 0 0 1 1 1 0 7.13594388961792
0 0 0 0 1 1 0 0 1 1 1 0 0 1 1 1 1 1 0 0 1 0 0 0 0 0 0 1 0 0 0 0 1 1 1 1 0 0 1 1 1 0 7.169567584991455
0 0 0 0 1 0 0 0 1 1 1 0 0 1 1 1 1 1 0 0 1 0 0 0 0 0 0 1 0 0 0 0 1 1 1 1 0 0 1 1 1 0 7.211513519287109
0 0 0 0 1 0 0 0 1 1 1 0 0 1 1 1 1 1 0 0 1 0 0 0 0 0 0 1 0 0 0 0 1 0 1 1 0 0 1 1 1 0 7.179584503173828
0 0 0 0 1 0 0 0 0 1 0 0 0 0 1 1 0 0 1 1 0 0 0 0 0 1 1 0 0 1 0 1 0 0 0 0 0 0 0 0 0 1 4.663857936859131
0 0 0 0 1 0 0 0 0 1 0 0 0 0 1 1 0 1 1 1 0 0 0 0 0 1 1 0 0 1 0 1 0 0 0 0 0 0 0 0 0 1 4.987274646759033
0 0 1 0 1 0 0 0 0 1 0 0 0 0 1 1 0 1 1 1 0 0 0 0 0 1 1 0 0 1 0 1 0 0 0 0 0 0 0 0 0 1 5.47532844543457
0 0 1 0 1 0 0 0 0 1 0 0 0 0 1 1 0 1 1 1 0 0 0 0 0 1 1 0 0 1 0 1 0 0 0 0 0 0 0 0 0 0 5.768702030181885
0 0 1 0 1 0 0 0 0 1 0 0 0 0 1 1 0 1 1 1 0 0 0 0 0 1 1 0 0 1 0 0 0 0 0 0 0 0 0 0 0 0 6.15946626663208
0 0 1 0 1 0 0 0 0 1 0 0 0 0 1 1 0 1 1 1 0 0 0 0 0 1 1 0 0 1 1 0 0 0 0 0 0 0 0 0 0 0 6.418860912322998
0 0 1 0 1 0 0 0 0 1 0 0 0 0 1 1 0 1 1 1 0 0 0 0 0 1 1 0 0 1 1 0 0 1 0 0 0 0 0 0 0 0 6.606918811798096
0 0 1 0 1 0 0 0 1 1 0 0 0 0 1 1 0 1 1 1 0 0 0 0 0 1 1 0 0 1 1 0 0 1 0 0 0 0 0 0 0 0 6.762875556945801
0 0 1 0 1 0 0 0 1 1 0 0 0 0 1 1 0 1 1 1 0 0 0 0 0 1 1 0 0 1 1 0 0 1 1 0 0 0 0 0 0 0 6.979747295379639
0 0 1 0 1 0 0 0 1 1 0 0 0 0 1 1 0 1 1 1 0 0 0 0 0 1 1 0 1 1 1 0 0 1 1 0 0 0 0 0 0 0 7.126873016357422
0 0 1 0 1 0 0 0 1 1 0 0 0 0 1 1 0 1 1 0 0 0 0 0 0 1 1 0 1 1 1 0 0 1 1 0 0 0 0 0 0 0 7.1535820960998535
0 0 1 0 1 0 0 0 1 1 0 0 0 0 1 1 0 1 1 0 0 0 0 0 0 1 1 0 1 1 1 0 0 1 1 0 0 0 0 1 0 0 7.2574663162231445
0 0 1 0 1 0 1 0 1 1 0 0 0 0 1 1 0 1 1 0 0 0 0 0 0 1 1 0 1 1 1 0 0 1 1 0 0 0 0 1 0 0 7.305946350097656
0 0 1 0 1 1 1 0 1 1 0 0 0 0 1 1 0 1 1 0 0 0 0 0 0 1 1 0 1 1 1 0 0 1 1 0 0 0 0 1 0 0 7.331790924072266
0 0 1 0 1 1 1 0 1 1 0 0 0 0 1 1 0 1 1 0 0 0 0 0 0 1 1 0 1 1 1 0 0 1 1 0 0 0 1 1 0 0 7.340425968170166
0 0 1 0 1 1 1 0 1 1 0 0 0 1 1 1 0 1 1 0 0 0 0 0 0 1 1 0 1 1 1 0 0 1 1 0 0 0 1 1 0 0 7.346484184265137
0 0 1 0 1 1 1 0 1 1 0 0 0 1 1 1 0 1 1 0 0 0 0 0 1 1 1 0 1 1 1 0 0 1 1 0 0 0 1 1 0 0 7.348084449768066
0 0 1 0 1 1 1 0 1 1 0 0 0 1 1 1 0 1 1 0 0 0 0 0 0 1 1 0 1 1 1 0 0 1 1 0 0 0 1 1 0 0 7.346484184265137
0 0 0 0 1 1 0 0 1 1 0 0 0 1 0 0 1 1 0 0 0 0 0 0 1 0 0 0 0 1 0 0 0 0 1 0 0 0 0 1 0 0 5.110862731933594
0 0 0 0 1 1 0 0 1 1 0 0 0 1 0 0 1 1 0 0 0 0 0 0 1 0 0 0 0 1 1 0 0 0 1 0 0 0 0 1 0 0 5.4500041007995605
0 0 0 0 1 1 0 0 1 1 0 0 0 1 0 0 1 1 0 0 0 0 0 0 1 0 1 0 0 1 1 0 0 0 1 0 0 0 0 1 0 0 5.800579071044922
0 0 0 0 1 1 0 0 1 1 0 0 0 1 0 0 1 1 0 0 0 0 0 0 1 0 1 0 0 1 1 0 0 1 1 0 0 0 0 1 0 0 6.106309413909912
0 0 0 0 1 1 0 0 1 1 0 0 0 1 0 0 1 1 0 0 0 0 0 0 1 1 1 0 0 1 1 0 0 1 1 0 0 0 0 1 0 0 6.352041721343994
0 0 0 0 1 1 0 0 1 1 0 0 0 1 0 0 0 1 0 0 0 0 0 0 1 1 1 0 0 1 1 0 0 1 1 0 0 0 0 1 0 0 6.579619884490967
0 0 1 0 1 1 0 0 1 1 0 0 0 1 0 0 0 1 0 0 0 0 0 0 1 1 1 0 0 1 1 0 0 1 1 0 0 0 0 1 0 0 6.824779033660889
0 0 1 0 1 1 0 0 1 1 0 0 0 1 1 0 0 1 0 0 0 0 0 0 1 1 1 0 0 1 1 0 0 1 1 0 0 0 0 1 0 0 6.97838020324707
0 0 1 0 1 1 0 0 1 1 0 0 0 1 1 1 0 1 0 0 0 0 0 0 1 1 1 0 0 1 1 0 0 1 1 0 0 0 0 1 0 0 7.1192169189453125
0 0 1 0 1 1 0 0 1 1 0 0 0 1 1 1 0 1 1 0 0 0 0 0 1 1 1 0 0 1 1 0 0 1 1 0 0 0 0 1 0 0 7.250704288482666
0 0 1 0 1 1 0 0 1 1 0 0 0 1 1 1 0 1 1 0 0 0 0 0 1 1 1 0 1 1 1 0 0 1 1 0 0 0 0 1 0 0 7.293245792388916
0 0 1 0 1 1 1 0 1 1 0 0 0 1 1 1 0 1 1 0 0 0 0 0 1 1 1 0 1 1 1 0 0 1 1 0 0 0 0 1 0 0 7.341362953186035
0 0 1 0 1 1 1 0 1 1 0 0 0 1 1 1 0 1 1 0 0 0 0 0 1 1 1 0 1 1 1 0 0 1 1 0 0 0 1 1 0 0 7.348084449768066
0 0 1 0 1 1 1 0 1 1 0 0 0 1 1 1 0 1 1 0 0 0 0 0 0 1 1 0 1 1 1 0 0 1 1 0 0 0 1 1 0 0 7.346484184265137
0 1 0 0 1 1 0 0 1 0 0 0 0 1 1 1 0 1 0 0 0 0 0 0 0 0 0 0 0 1 0 0 0 1 1 0 0 0 0 0 0 0 4.99609899520874
0 1 1 0 1 1 0 0 1 0 0 0 0 1 1 1 0 1 0 0 0 0 0 0 0 0 0 0 0 1 0 0 0 1 1 0 0 0 0 0 0 0 5.580493450164795
0 1 1 0 1 1 0 0 1 1 0 0 0 1 1 1 0 1 0 0 0 0 0 0 0 0 0 0 0 1 0 0 0 1 1 0 0 0 0 0 0 0 6.127401351928711
0 1 1 0 1 1 0 0 1 1 0 0 0 1 1 1 0 1 0 0 0 0 0 0 0 0 1 0 0 1 0 0 0 1 1 0 0 0 0 0 0 0 6.4510602951049805
0 1 1 0 1 1 0 0 1 1 0 0 0 1 1 1 0 1 0 0 0 0 0 0 0 1 1 0 0 1 0 0 0 1 1 0 0 0 0 0 0 0 6.681293487548828
0 1 1 0 1 1 0 0 1 1 0 0 0 1 1 1 0 1 0 0 0 0 0 0 0 1 1 0 0 1 1 0 0 1 1 0 0 0 0 0 0 0 6.985278129577637
0 1 1 0 1 1 0 0 1 1 0 0 0 1 1 1 0 1 0 0 0 0 0 0 0 1 1 0 1 1 1 0 0 1 1 0 0 0 0 0 0 0 7.075273036956787
0 0 1 0 1 1 0 0 1 1 0 0 0 1 1 1 0 1 0 0 0 0 0 0 0 1 1 0 1 1 1 0 0 1 1 0 0 0 0 0 0 0 7.161901473999023
0 0 1 0 1 1 0 0 1 1 0 0 0 1 1 1 0 1 1 0 0 0 0 0 0 1 1 0 1 1 1 0 0 1 1 0 0 0 0 0 0 0 7.246273994445801
0 0 1 0 1 1 0 0 1 1 0 0 0 1 1 1 0 1 1 0 0 0 0 0 0 1 1 0 1 1 1 0 0 1 1 0 0 0 0 1 0 0 7.291679859161377
0 0 1 0 1 1 1 0 1 1 0 0 0 1 1 1 0 1 1 0 0 0 0 0 0 1 1 0 1 1 1 0 0 1 1 0 0 0 0 1 0 0 7.338583469390869
0 0 1 0 1 1 1 0 1 1 0 0 0 1 1 1 0 1 1 0 0 0 0 0 0 1 1 0 1 1 1 0 0 1 1 0 0 0 1 1 0 0 7.346484184265137
0 0 1 0 1 1 1 0 1 1 0 0 0 1 1 1 0 1 1 0 0 0 0 0 1 1 1 0 1 1 1 0 0 1 1 0 0 0 1 1 0 0 7.348084449768066
0 0 1 0 1 1 1 0 1 1 0 0 0 1 1 1 0 1 1 0 0 0 0 0 0 1 1 0 1 1 1 0 0 1 1 0 0 0 1 1 0 0 7.346484184265137
0 1 1 0 1 0 0 0 0 1 1 0 0 0 0 1 0 1 0 0 0 0 0 0 0 0 0 0 1 1 0 0 0 1 1 0 0 0 0 0 0 0 5.591189861297607
0 1 1 0 1 0 0 0 0 1 1 0 0 0 1 1 0 1 0 0 0 0 0 0 0 0 0 0 1 1 0 0 0 1 1 0 0 0 0 0 0 0 5.967504501342773
0 1 1 0 1 0 0 0 0 1 1 0 0 0 1 1 0 1 0 0 0 0 0 0 0 0 1 0 1 1 0 0 0 1 1 0 0 0 0 0 0 0 6.158299446105957
0 1 1 0 1 0 0 0 1 1 1 0 0 0 1 1 0 1 0 0 0 0 0 0 0 0 1 0 1 1 0 0 0 1 1 0 0 0 0 0 0 0 6.31999397277832
0 1 1 0 1 0 0 0 1 1 1 0 0 0 1 1 0 1 0 0 0 0 0 0 0 1 1 0 1 1 0 0 0 1 1 0 0 0 0 0 0 0 6.548067569732666
0 1 1 0 1 0 0 0 1 1 1 0 0 0 1 1 0 1 0 0 0 0 0 0 0 1 1 0 1 1 0 0 1 1 1 0 0 0 0 0 0 0 6.71324348449707
0 0 1 0 1 0 0 0 1 1 1 0 0 0 1 1 0 1 0 0 0 0 0 0 0 1 1 0 1 1 0 0 1 1 1 0 0 0 0 0 0 0 6.857027530670166
0 0 1 0 1 0 0 0 1 1 1 0 0 0 1 1 0 1 0 0 0 0 0 0 0 1 1 0 1 1 1 0 1 1 1 0 0 0 0 0 0 0 6.983779430389404
0 0 1 0 1 0 0 0 1 1 1 0 0 0 1 1 0 1 0 0 0 0 0 0 0 1 1 0 1 1 1 0 1 1 1 0 0 0 0 1 0 0 7.0711774826049805
0 0 1 0 1 0 0 0 1 1 1 0 0 0 1 1 0 1 0 0 0 0 0 0 0 1 1 0 1 1 1 0 1 1 1 0 0 0 0 1 1 0 7.149084091186523
0 0 1 0 1 0 0 0 1 1 1 0 0 1 1 1 0 1 0 0 0 0 0 0 0 1 1 0 1 1 1 0 1 1 1 0 0 0 0 1 1 0 7.2538957595825195
0 0 1 0 1 0 0 0 1 1 0 0 0 1 1 1 0 1 0 0 0 0 0 0 0 1 1 0 1 1 1 0 1 1 1 0 0 0 0 1 1 0 7.257511138916016
0 0 1 0 1 0 0 0 1 1 0 0 1 1 1 1 0 1 0 0 0 0 0 0 0 1 1 0 1 1 1 0 1 1 1 0 0 0 0 1 1 0 7.312448501586914
0 0 1 0 1 0 0 0 1 1 0 0 1 1 1 1 0 1 0 0 0 0 0 0 0 1 1 0 1 1 1 0 1 1 1 0 0 0 1 1 1 0 7.302948951721191
0 0 0 0 0 1 0 0 1 1 0 0 0 0 0 1 1 1 1 0 0 0 0 0 0 0 1 0 0 0 0 0 1 1 1 0 0 0 0 0 0 0 4.610439300537109
0 0 0 0 1 1 0 0 1 1 0 0 0 0 0 1 1 1 1 0 0 0 0 0 0 0 1 0 0 0 0 0 1 1 1 0 0 0 0 0 0 0 5.317419052124023
0 0 0 0 1 1 0 0 1 1 0 0 0 0 1 1 1 1 1 0 0 0 0 0 0 0 1 0 0 0 0 0 1 1 1 0 0 0 0 0 0 0 5.748381614685059
0 0 1 0 1 1 0 0 1 1 0 0 0 0 1 1 1 1 1 0 0 0 0 0 0 0 1 0 0 0 0 0 1 1 1 0 0 0 0 0 0 0 6.060827255249023
0 0 1 0 1 1 0 0 1 1 0 0 0 0 1 1 1 1 1 0 0 0 0 0 0 1 1 0 0 0 0 0 1 1 1 0 0 0 0 0 0 0 6.350130081176758
0 0 1 0 1 1 0 0 1 1 0 0 0 0 1 1 1 1 1 0 0 0 0 0 0 1 1 0 0 1 0 0 1 1 1 0 0 0 0 0 0 0 6.588685035705566
0 0 1 0 1 1 0 0 1 1 0 0 0 0 1 1 1 1 1 0 0 0 0 0 0 1 1 0 0 1 1 0 1 1 1 0 0 0 0 0 0 0 6.8450117111206055
0 0 1 0 1 1 0 0 1 1 0 0 0 0 1 1 0 1 1 0 0 0 0 0 0 1 1 0 0 1 1 0 1 1 1 0 0 0 0 0 0 0 7.094470500946045
0 0 1 0 1 1 0 0 1 1 0 0 0 0 1 1 0 1 1 0 0 0 0 0 0 1 1 0 0 1 1 0 1 1 1 0 0 0 0 1 0 0 7.203866958618164
0 0 1 0 1 1 0 0 1 1 0 0 0 0 1 1 0 1 1 0 0 0 0 0 0 1 1 0 0 1 1 0 0 1 1 0 0 0 0 1 0 0 7.2402753829956055
0 0 1 0 1 1 1 0 1 1 0 0 0 0 1 1 0 1 1 0 0 0 0 0 0 1 1 0 0 1 1 0 0 1 1 0 0 0 0 1 0 0 7.2863006591796875
0 0 1 0 1 1 1 0 1 1 0 0 0 0 1 1 0 1 1 0 0 0 0 0 0 1 1 0 1 1 1 0 0 1 1 0 0 0 0 1 0 0 7.331790924072266
0 0 1 0 1 1 1 0 1 1 0 0 0 0 1 1 0 1 1 0 0 0 0 0 0 1 1 0 1 1 1 0 0 1 1 0 0 0 1 1 0 0 7.340425968170166
0 0 1 0 1 1 1 0 1 1 0 0 0 1 1 1 0 1 1 0 0 0 0 0 0 1 1 0 1 1 1 0 0 1 1 0 0 0 1 1 0 0 7.346484184265137
0 0 1 0 1 1 1 0 1 1 0 0 0 1 1 1 0 1 1 0 0 0 0 0 1 1 1 0 1 1 1 0 0 1 1 0 0 0 1 1 0 0 7.348084449768066
0 0 1 0 1 1 1 0 1 1 0 0 0 1 1 1 0 1 1 0 0 0 0 0 0 1 1 0 1 1 1 0 0 1 1 0 0 0 1 1 0 0 7.346484184265137
0 1 0 0 1 0 0 0 0 1 1 0 0 0 0 1 0 1 1 0 0 0 0 0 0 1 0 0 0 1 0 0 0 1 0 0 0 0 0 0 0 1 4.3927435874938965
0 1 0 0 1 0 0 0 0 1 1 0 0 0 1 1 0 1 1 0 0 0 0 0 0 1 0 0 0 1 0 0 0 1 0 0 0 0 0 0 0 1 4.8643975257873535
0 1 1 0 1 0 0 0 0 1 1 0 0 0 1 1 0 1 1 0 0 0 0 0 0 1 0 0 0 1 0 0 0 1 0 0 0 0 0 0 0 1 5.232853412628174
0 1 1 0 1 0 0 0 0 1 1 0 0 0 1 1 0 1 1 0 0 0 0 0 0 1 0 0 0 1 0 0 0 1 0 0 0 0 0 0 0 0 5.631979465484619
0 1 1 0 1 0 0 0 0 1 0 0 0 0 1 1 0 1 1 0 0 0 0 0 0 1 0 0 0 1 0 0 0 1 0 0 0 0 0 0 0 0 6.0179548263549805
0 1 1 0 1 0 0 0 0 1 0 0 0 0 1 1 0 1 1 0 0 0 0 0 0 1 1 0 0 1 0 0 0 1 0 0 0 0 0 0 0 0 6.29964017868042
0 1 1 0 1 0 0 0 0 1 0 0 0 0 1 1 0 1 1 0 0 0 0 0 0 1 1 0 0 1 1 0 0 1 0 0 0 0 0 0 0 0 6.5926408767700195
0 1 1 0 1 0 0 0 0 1 0 0 0 0 1 1 0 1 1 0 0 0 0 0 0 1 1 0 0 1 1 0 0 1 1 0 0 0 0 0 0 0 6.828052043914795
0 1 1 0 1 0 0 0 1 1 0 0 0 0 1 1 0 1 1 0 0 0 0 0 0 1 1 0 0 1 1 0 0 1 1 0 0 0 0 0 0 0 7.026206970214844
0 1 1 0 1 0 0 0 1 1 0 0 0 0 1 1 0 1 1 0 0 0 0 0 0 1 1 0 0 1 1 0 0 1 1 0 0 0 0 1 0 0 7.128887176513672
0 1 1 0 1 0 0 0 1 1 0 0 0 0 1 1 0 1 1 0 0 0 0 0 0 1 1 0 1 1 1 0 0 1 1 0 0 0 0 1 0 0 7.1708526611328125
0 0 1 0 1 0 0 0 1 1 0 0 0 0 1 1 0 1 1 0 0 0 0 0 0 1 1 0 1 1 1 0 0 1 1 0 0 0 0 1 0 0 7.2574663162231445
0 0 1 0 1 0 1 0 1 1 0 0 0 0 1 1 0 1 1 0 0 0 0 0 0 1 1 0 1 1 1 0 0 1 1 0 0 0 0 1 0 0 7.305946350097656
0 0 1 0 1 1 1 0 1 1 0 0 0 0 1 1 0 1 1 0 0 0 0 0 0 1 1 0 1 1 1 0 0 1 1 0 0 0 0 1 0 0 7.331790924072266
0 0 1 0 1 1 1 0 1 1 0 0 0 0 1 1 0 1 1 0 0 0 0 0 0 1 1 0 1 1 1 0 0 1 1 0 0 0 1 1 0 0 7.340425968170166
0 0 1 0 1 1 1 0 1 1 0 0 0 1 1 1 0 1 1 0 0 0 0 0 0 1 1 0 1 1 1 0 0 1 1 0 0 0 1 1 0 0 7.346484184265137
0 0 1 0 1 1 1 0 1 1 0 0 0 1 1 1 0 1 1 0 0 0 0 0 1 1 1 0 1 1 1 0 0 1 1 0 0 0 1 1 0 0 7.348084449768066
0 0 1 0 1 1 1 0 1 1 0 0 0 1 1 1 0 1 1 0 0 0 0 0 0 1 1 0 1 1 1 0 0 1 1 0 0 0 1 1 0 0 7.346484184265137
0 1 0 1 0 1 0 0 0 1 0 0 0 0 0 1 0 1 0 0 0 1 0 0 0 0 0 0 0 0 0 0 1 0 1 0 0 0 0 0 0 0 4.021170139312744
0 1 0 1 0 1 0 0 0 1 0 0 0 0 0 1 0 1 0 0 0 0 0 0 0 0 0 0 0 0 0 0 1 0 1 0 0 0 0 0 0 0 4.4263834953308105
0 1 0 1 1 1 0 0 0 1 0 0 0 0 0 1 0 1 0 0 0 0 0 0 0 0 0 0 0 0 0 0 1 0 1 0 0 0 0 0 0 0 4.877801895141602
0 1 0 1 1 1 0 0 0 1 0 0 0 0 0 1 0 1 0 0 0 0 0 0 0 1 0 0 0 0 0 0 1 0 1 0 0 0 0 0 0 0 5.259396553039551
0 1 0 1 1 1 0 0 0 1 0 0 0 0 1 1 0 1 0 0 0 0 0 0 0 1 0 0 0 0 0 0 1 0 1 0 0 0 0 0 0 0 5.579972267150879
0 1 1 1 1 1 0 0 0 1 0 0 0 0 1 1 0 1 0 0 0 0 0 0 0 1 0 0 0 0 0 0 1 0 1 0 0 0 0 0 0 0 5.818790912628174
0 1 1 1 1 1 0 0 0 1 0 0 0 0 1 1 0 1 0 0 0 0 0 0 0 1 1 0 0 0 0 0 1 0 1 0 0 0 0 0 0 0 6.037205696105957
0 1 1 1 1 1 0 0 0 1 0 0 0 0 1 1 0 1 0 0 0 0 0 0 0 1 1 0 0 1 0 0 1 0 1 0 0 0 0 0 0 0 6.1924004554748535
0 1 1 1 1 1 0 0 0 1 0 0 0 0 1 1 0 1 0 0 0 0 0 0 0 1 1 0 0 1 1 0 1 0 1 0 0 0 0 0 0 0 6.394904613494873
0 1 1 1 1 1 0 0 0 1 0 0 0 0 1 1 0 1 0 0 0 0 0 0 0 1 1 0 0 1 1 0 1 1 1 0 0 0 0 0 0 0 6.599524021148682
0 1 1 1 1 1 0 0 0 1 0 0 0 1 1 1 0 1 0 0 0 0 0 0 0 1 1 0 0 1 1 0 1 1 1 0 0 0 0 0 0 0 6.724019527435303
0 1 1 1 1 1 0 0 1 1 0 0 0 1 1 1 0 1 0 0 0 0 0 0 0 1 1 0 0 1 1 0 1 1 1 0 0 0 0 0 0 0 6.839978218078613
0 1 1 1 1 1 0 0 1 1 0 0 0 1 1 1 0 1 0 0 0 0 0 0 0 1 1 0 1 1 1 0 1 1 1 0 0 0 0 0 0 0 6.983068943023682
0 1 1 1 1 1 0 0 1 1 0 0 0 1 1 1 0 1 1 0 0 0 0 0 0 1 1 0 1 1 1 0 1 1 1 0 0 0 0 0 0 0 7.061288356781006
0 0 1 1 1 1 0 0 1 1 0 0 0 1 1 1 0 1 1 0 0 0 0 0 0 1 1 0 1 1 1 0 1 1 1 0 0 0 0 0 0 0 7.150241374969482
0 0 1 0 1 1 0 0 1 1 0 0 0 1 1 1 0 1 1 0 0 0 0 0 0 1 1 0 1 1 1 0 1 1 1 0 0 0 0 0 0 0 7.227899551391602
0 0 1 0 1 1 0 0 1 1 0 0 0 1 1 1 0 1 1 0 0 0 0 0 0 1 1 0 1 1 1 0 1 1 1 0 0 0 0 1 0 0 7.2541961669921875
0 0 1 0 1 1 1 0 1 1 0 0 0 1 1 1 0 1 1 0 0 0 0 0 0 1 1 0 1 1 1 0 1 1 1 0 0 0 0 1 0 0 7.29908561706543
0 0 1 0 1 1 1 0 1 1 0 0 0 1 1 1 0 1 1 0 0 0 0 0 0 1 1 0 1 1 1 0 0 1 1 0 0 0 0 1 0 0 7.338583469390869
0 0 1 0 1 1 1 0 1 1 0 0 0 1 1 1 0 1 1 0 0 0 0 0 0 1 1 0 1 1 1 0 0 1 1 0 0 0 1 1 0 0 7.346484184265137
0 0 1 0 1 1 1 0 1 1 0 0 0 1 1 1 0 1 1 0 0 0 0 0 1 1 1 0 1 1 1 0 0 1 1 0 0 0 1 1 0 0 7.348084449768066
0 0 1 0 1 1 1 0 1 1 0 0 0 1 1 1 0 1 1 0 0 0 0 0 0 1 1 0 1 1 1 0 0 1 1 0 0 0 1 1 0 0 7.346484184265137
0 0 0 0 0 1 0 0 1 1 0 0 0 1 1 0 0 0 1 0 0 0 0 0 1 0 1 0 0 1 0 0 0 1 1 0 0 0 0 0 0 0 4.58419942855835
0 0 0 0 0 1 0 0 1 1 0 0 0 1 1 0 0 1 1 0 0 0 0 0 1 0 1 0 0 1 0 0 0 1 1 0 0 0 0 0 0 0 5.122368812561035
0 0 0 0 1 1 0 0 1 1 0 0 0 1 1 0 0 1 1 0 0 0 0 0 1 0 1 0 0 1 0 0 0 1 1 0 0 0 0 0 0 0 5.957208633422852
0 0 0 0 1 1 0 0 1 1 0 0 0 1 1 0 0 1 1 0 0 0 0 0 1 0 1 0 0 1 1 0 0 1 1 0 0 0 0 0 0 0 6.417298793792725
0 0 0 0 1 1 0 0 1 1 0 0 0 1 1 0 0 1 1 0 0 0 0 0 1 1 1 0 0 1 1 0 0 1 1 0 0 0 0 0 0 0 6.72398042678833
0 0 1 0 1 1 0 0 1 1 0 0 0 1 1 0 0 1 1 0 0 0 0 0 1 1 1 0 0 1 1 0 0 1 1 0 0 0 0 0 0 0 6.931045055389404
0 0 1 0 1 1 0 0 1 1 0 0 0 1 1 1 0 1 1 0 0 0 0 0 1 1 1 0 0 1 1 0 0 1 1 0 0 0 0 0 0 0 7.1393585205078125
0 0 1 0 1 1 0 0 1 1 0 0 0 1 1 1 0 1 1 0 0 0 0 0 1 1 1 0 0 1 1 0 0 1 1 0 0 0 0 1 0 0 7.250704288482666
0 0 1 0 1 1 0 0 1 1 0 0 0 1 1 1 0 1 1 0 0 0 0 0 1 1 1 0 1 1 1 0 0 1 1 0 0 0 0 1 0 0 7.293245792388916
0 0 1 0 1 1 1 0 1 1 0 0 0 1 1 1 0 1 1 0 0 0 0 0 1 1 1 0 1 1 1 0 0 1 1 0 0 0 0 1 0 0 7.341362953186035
0 0 1 0 1 1 1 0 1 1 0 0 0 1 1 1 0 1 1 0 0 0 0 0 1 1 1 0 1 1 1 0 0 1 1 0 0 0 1 1 0 0 7.348084449768066
0 0 1 0 1 1 1 0 1 1 0 0 0 1 1 1 0 1 1 0 0 0 0 0 0 1 1 0 1 1 1 0 0 1 1 0 0 0 1 1 0 0 7.346484184265137
0 0 1 0 1 0 0 0 0 1 1 0 0 0 1 1 0 0 0 1 1 0 0 0 0 0 0 0 0 1 0 1 0 1 0 0 0 0 0 0 0 0 4.602601051330566
0 0 1 0 1 0 0 0 0 1 1 0 0 0 1 1 0 0 0 1 1 0 0 0 0 0 0 0 0 1 0 0 0 1 0 0 0 0 0 0 0 0 5.105124473571777
0 0 1 0 1 0 0 0 0 1 1 0 0 0 1 1 0 1 0 1 1 0 0 0 0 0 0 0 0 1 0 0 0 1 0 0 0 0 0 0 0 0 5.563073635101318
0 0 1 0 1 0 0 0 0 1 1 0 0 0 1 1 0 1 0 1 1 0 0 0 0 0 0 0 1 1 0 0 0 1 0 0 0 0 0 0 0 0 5.849374294281006
0 0 1 0 1 0 0 0 0 1 1 0 0 0 1 1 0 1 0 1 1 0 0 0 0 0 0 0 1 1 0 0 1 1 0 0 0 0 0 0 0 0 6.142563343048096
0 0 1 0 1 0 0 0 0 1 1 0 0 0 1 1 0 1 0 1 1 0 0 0 0 0 0 0 1 1 0 0 1 1 0 0 0 0 0 1 0 0 6.313731670379639
0 0 1 0 1 0 0 0 0 1 1 0 0 0 1 1 0 1 0 1 1 0 0 0 0 0 0 0 1 1 0 0 1 1 0 0 0 0 0 1 1 0 6.502964973449707
0 0 1 0 1 0 0 0 1 1 1 0 0 0 1 1 0 1 0 1 1 0 0 0 0 0 0 0 1 1 0 0 1 1 0 0 0 0 0 1 1 0 6.613694667816162
0 0 1 0 1 0 0 0 1 1 1 0 0 0 1 1 0 1 0 1 1 0 0 0 0 0 0 0 1 1 0 0 1 1 1 0 0 0 0 1 1 0 6.810783863067627
0 0 1 0 1 0 0 0 1 1 1 0 0 0 1 1 0 1 0 1 1 0 0 0 0 0 1 0 1 1 0 0 1 1 1 0 0 0 0 1 1 0 6.9225969314575195
0 0 1 0 1 0 0 0 1 1 1 0 1 0 1 1 0 1 0 1 1 0 0 0 0 0 1 0 1 1 0 0 1 1 1 0 0 0 0 1 1 0 7.013871669769287
0 0 1 0 1 0 0 0 1 1 1 0 1 0 1 1 0 1 0 1 1 0 0 0 0 1 1 0 1 1 0 0 1 1 1 0 0 0 0 1 1 0 7.145291805267334
0 0 1 0 1 0 0 0 1 1 1 0 1 0 1 1 0 1 0 1 0 0 0 0 0 1 1 0 1 1 0 0 1 1 1 0 0 0 0 1 1 0 7.139819145202637
0 0 0 1 0 1 0 0 1 1 0 0 0 1 0 0 0 1 0 0 0 0 0 0 1 1 0 0 0 1 0 0 0 0 1 0 0 0 0 0 0 1 4.447132110595703
0 0 1 1 0 1 0 0 1 1 0 0 0 1 0 0 0 1 0 0 0 0 0 0 1 1 0 0 0 1 0 0 0 0 1 0 0 0 0 0 0 1 4.828202724456787
0 0 1 1 1 1 0 0 1 1 0 0 0 1 0 0 0 1 0 0 0 0 0 0 1 1 0 0 0 1 0 0 0 0 1 0 0 0 0 0 0 1 5.175675868988037
0 0 1 1 1 1 0 0 1 1 0 0 0 1 0 0 0 1 0 0 0 0 0 0 1 1 0 0 0 1 0 0 0 0 1 0 0 0 0 0 0 0 5.582747459411621
0 0 1 1 1 1 0 0 1 1 0 0 0 1 0 0 0 1 0 0 0 0 0 0 1 1 1 0 0 1 0 0 0 0 1 0 0 0 0 0 0 0 5.935884952545166
0 0 1 1 1 1 0 0 1 1 0 0 0 1 0 0 0 1 0 0 0 0 0 0 1 1 1 0 0 1 1 0 0 0 1 0 0 0 0 0 0 0 6.266566276550293
0 0 1 1 1 1 0 0 1 1 0 0 0 1 0 0 0 1 0 0 0 0 0 0 1 1 1 0 0 1 1 0 0 1 1 0 0 0 0 0 0 0 6.545792579650879
0 0 1 1 1 1 0 0 1 1 0 0 0 1 0 1 0 1 0 0 0 0 0 0 1 1 1 0 0 1 1 0 0 1 1 0 0 0 0 0 0 0 6.724094390869141
0 0 1 1 1 1 0 0 1 1 0 0 0 1 1 1 0 1 0 0 0 0 0 0 1 1 1 0 0 1 1 0 0 1 1 0 0 0 0 0 0 0 6.883071422576904
0 0 1 1 1 1 0 0 1 1 0 0 0 1 1 1 0 1 1 0 0 0 0 0 1 1 1 0 0 1 1 0 0 1 1 0 0 0 0 0 0 0 7.013426303863525
0 0 1 0 1 1 0 0 1 1 0 0 0 1 1 1 0 1 1 0 0 0 0 0 1 1 1 0 0 1 1 0 0 1 1 0 0 0 0 0 0 0 7.1393585205078125
0 0 1 0 1 1 0 0 1 1 0 0 0 1 1 1 0 1 1 0 0 0 0 0 1 1 1 0 0 1 1 0 0 1 1 0 0 0 0 1 0 0 7.250704288482666
0 0 1 0 1 1 0 0 1 1 0 0 0 1 1 1 0 1 1 0 0 0 0 0 1 1 1 0 1 1 1 0 0 1 1 0 0 0 0 1 0 0 7.293245792388916
0 0 1 0 1 1 1 0 1 1 0 0 0 1 1 1 0 1 1 0 0 0 0 0 1 1 1 0 1 1 1 0 0 1 1 0 0 0 0 1 0 0 7.341362953186035
0 0 1 0 1 1 1 0 1 1 0 0 0 1 1 1 0 1 1 0 0 0 0 0 1 1 1 0 1 1 1 0 0 1 1 0 0 0 1 1 0 0 7.348084449768066
0 0 1 0 1 1 1 0 1 1 0 0 0 1 1 1 0 1 1 0 0 0 0 0 0 1 1 0 1 1 1 0 0 1 1 0 0 0 1 1 0 0 7.346484184265137
0 0 1 1 1 0 0 0 0 0 0 0 0 1 0 0 0 1 1 0 0 0 0 0 0 1 0 1 0 1 0 0 0 0 0 0 0 0 1 0 0 1 4.253429889678955
0 0 1 1 1 0 0 0 0 1 0 0 0 1 0 0 0 1 1 0 0 0 0 0 0 1 0 1 0 1 0 0 0 0 0 0 0 0 1 0 0 1 4.7403764724731445
0 0 1 1 1 0 0 0 0 1 0 0 0 1 0 0 0 1 1 0 0 0 0 0 0 1 0 1 0 1 0 0 0 0 0 0 0 0 1 0 0 0 5.247283458709717
0 0 1 1 1 0 0 0 0 1 0 0 0 1 0 0 0 1 1 0 0 0 0 0 0 1 1 1 0 1 0 0 0 0 0 0 0 0 1 0 0 0 5.614665985107422
0 0 1 1 1 0 0 0 0 1 0 0 0 1 0 1 0 1 1 0 0 0 0 0 0 1 1 1 0 1 0 0 0 0 0 0 0 0 1 0 0 0 5.928015232086182
0 0 1 1 1 0 0 0 0 1 0 0 0 1 1 1 0 1 1 0 0 0 0 0 0 1 1 1 0 1 0 0 0 0 0 0 0 0 1 0 0 0 6.153342247009277
0 0 1 1 1 0 0 0 0 1 0 0 0 1 1 1 0 1 1 0 0 0 0 0 0 1 1 1 0 1 1 0 0 0 0 0 0 0 1 0 0 0 6.336236953735352
0 0 1 1 1 0 0 0 0 1 0 0 0 1 1 1 0 1 1 0 0 0 0 0 0 1 1 1 0 1 1 0 0 0 1 0 0 0 1 0 0 0 6.600188732147217
0 0 1 1 1 0 0 0 0 1 0 0 0 1 1 1 0 1 1 0 0 0 0 0 0 1 1 1 0 1 1 0 0 1 1 0 0 0 1 0 0 0 6.761481285095215
0 0 1 1 1 0 0 0 1 1 0 0 0 1 1 1 0 1 1 0 0 0 0 0 0 1 1 1 0 1 1 0 0 1 1 0 0 0 1 0 0 0 6.947720050811768
0 0 1 1 1 0 0 0 1 1 0 0 0 1 1 1 0 1 1 0 0 0 0 0 0 1 1 1 0 1 1 0 0 1 1 0 0 0 1 1 0 0 7.052234172821045
0 0 1 1 1 0 0 0 1 1 0 0 0 1 1 1 0 1 1 0 0 0 0 0 0 1 1 1 1 1 1 0 0 1 1 0 0 0 1 1 0 0 7.095848560333252
0 0 1 1 1 0 1 0 1 1 0 0 0 1 1 1 0 1 1 0 0 0 0 0 0 1 1 1 1 1 1 0 0 1 1 0 0 0 1 1 0 0 7.1406073570251465
0 0 1 0 1 0 1 0 1 1 0 0 0 1 1 1 0 1 1 0 0 0 0 0 0 1 1 1 1 1 1 0 0 1 1 0 0 0 1 1 0 0 7.270641803741455
0 0 1 0 1 1 1 0 1 1 0 0 0 1 1 1 0 1 1 0 0 0 0 0 0 1 1 1 1 1 1 0 0 1 1 0 0 0 1 1 0 0 7.294642448425293
0 0 1 0 1 1 1 0 1 1 0 0 0 1 1 1 0 1 1 0 0 0 0 0 0 1 1 0 1 1 1 0 0 1 1 0 0 0 1 1 0 0 7.346484184265137
0 0 1 0 1 1 1 0 1 1 0 0 0 1 1 1 0 1 1 0 0 0 0 0 1 1 1 0 1 1 1 0 0 1 1 0 0 0 1 1 0 0 7.348084449768066
0 0 1 0 1 1 1 0 1 1 0 0 0 1 1 1 0 1 1 0 0 0 0 0 0 1 1 0 1 1 1 0 0 1 1 0 0 0 1 1 0 0 7.346484184265137
0 0 0 0 1 0 0 0 1 1 1 0 0 0 1 1 0 0 0 1 0 0 0 0 0 0 0 0 1 1 1 0 0 1 0 0 0 0 0 0 0 0 5.129542827606201
0 0 0 0 1 0 0 0 1 1 1 0 0 0 1 1 0 1 0 1 0 0 0 0 0 0 0 0 1 1 1 0 0 1 0 0 0 0 0 0 0 0 5.785775661468506
0 0 0 0 1 0 0 0 1 1 1 0 0 0 1 1 0 1 0 1 0 0 0 0 0 0 0 0 1 1 1 0 0 1 0 0 0 0 0 1 0 0 5.9978227615356445
0 0 0 0 1 0 0 0 1 1 1 0 0 0 1 1 0 1 0 1 0 0 0 0 0 0 0 0 1 1 1 0 1 1 0 0 0 0 0 1 0 0 6.220708847045898
0 0 0 0 1 0 0 0 1 1 1 0 0 0 1 1 0 1 0 1 0 0 0 0 0 0 0 0 1 1 1 0 1 1 0 0 0 0 0 1 1 0 6.431062698364258
0 0 0 0 1 0 0 0 1 1 1 0 0 0 1 1 0 1 0 1 0 0 0 0 0 0 0 0 1 1 1 0 1 1 1 0 0 0 0 1 1 0 6.6051716804504395
0 0 1 0 1 0 0 0 1 1 1 0 0 0 1 1 0 1 0 1 0 0 0 0 0 0 0 0 1 1 1 0 1 1 1 0 0 0 0 1 1 0 6.780595302581787
0 0 1 0 1 0 0 0 1 1 1 0 0 0 1 1 0 1 0 1 0 0 0 0 0 1 0 0 1 1 1 0 1 1 1 0 0 0 0 1 1 0 6.946859836578369
0 0 1 0 1 0 0 0 1 1 1 0 0 0 1 1 0 1 0 1 0 0 0 0 0 1 1 0 1 1 1 0 1 1 1 0 0 0 0 1 1 0 7.1474761962890625
0 0 1 0 1 0 0 0 1 1 0 0 0 0 1 1 0 1 0 1 0 0 0 0 0 1 1 0 1 1 1 0 1 1 1 0 0 0 0 1 1 0 7.190074443817139
0 0 1 0 1 0 0 0 1 1 0 0 0 0 1 1 0 1 0 0 0 0 0 0 0 1 1 0 1 1 1 0 1 1 1 0 0 0 0 1 1 0 7.232306957244873
0 0 1 0 1 0 0 0 1 1 0 0 0 1 1 1 0 1 0 0 0 0 0 0 0 1 1 0 1 1 1 0 1 1 1 0 0 0 0 1 1 0 7.257511138916016
0 0 1 0 1 0 0 0 1 1 0 0 1 1 1 1 0 1 0 0 0 0 0 0 0 1 1 0 1 1 1 0 1 1 1 0 0 0 0 1 1 0 7.312448501586914
0 0 1 0 1 0 0 0 1 1 0 0 1 1 1 1 0 1 0 0 0 0 0 0 0 1 1 0 1 1 1 0 1 1 1 0 0 0 1 1 1 0 7.302948951721191
0 0 0 0 0 1 0 0 1 1 0 0 0 1 0 1 0 0 1 0 0 0 0 0 1 0 1 0 0 1 0 0 0 1 1 0 0 0 0 0 0 0 4.594755172729492
0 0 0 0 1 1 0 0 1 1 0 0 0 1 0 1 0 0 1 0 0 0 0 0 1 0 1 0 0 1 0 0 0 1 1 0 0 0 0 0 0 0 5.27903413772583
0 0 0 0 1 1 0 0 1 1 0 0 0 1 0 1 0 1 1 0 0 0 0 0 1 0 1 0 0 1 0 0 0 1 1 0 0 0 0 0 0 0 5.9296488761901855
0 0 0 0 1 1 0 0 1 1 0 0 0 1 0 1 0 1 1 0 0 0 0 0 1 0 1 0 0 1 1 0 0 1 1 0 0 0 0 0 0 0 6.452722549438477
0 0 0 0 1 1 0 0 1 1 0 0 0 1 0 1 0 1 1 0 0 0 0 0 1 1 1 0 0 1 1 0 0 1 1 0 0 0 0 0 0 0 6.7449140548706055
0 0 1 0 1 1 0 0 1 1 0 0 0 1 0 1 0 1 1 0 0 0 0 0 1 1 1 0 0 1 1 0 0 1 1 0 0 0 0 0 0 0 6.9812774658203125
0 0 1 0 1 1 0 0 1 1 0 0 0 1 1 1 0 1 1 0 0 0 0 0 1 1 1 0 0 1 1 0 0 1 1 0 0 0 0 0 0 0 7.1393585205078125
0 0 1 0 1 1 0 0 1 1 0 0 0 1 1 1 0 1 1 0 0 0 0 0 1 1 1 0 0 1 1 0 0 1 1 0 0 0 0 1 0 0 7.250704288482666
0 0 1 0 1 1 0 0 1 1 0 0 0 1 1 1 0 1 1 0 0 0 0 0 1 1 1 0 1 1 1 0 0 1 1 0 0 0 0 1 0 0 7.293245792388916
0 0 1 0 1 1 1 0 1 1 0 0 0 1 1 1 0 1 1 0 0 0 0 0 1 1 1 0 1 1 1 0 0 1 1 0 0 0 0 1 0 0 7.341362953186035
0 0 1 0 1 1 1 0 1 1 0 0 0 1 1 1 0 1 1 0 0 0 0 0 1 1 1 0 1 1 1 0 0 1 1 0 0 0 1 1 0 0 7.348084449768066
0 0 1 0 1 1 1 0 1 1 0 0 0 1 1 1 0 1 1 0 0 0 0 0 0 1 1 0 1 1 1 0 0 1 1 0 0 0 1 1 0 0 7.346484184265137
0 0 0 0 1 0 0 0 0 0 1 0 0 0 0 0 0 0 0 1 0 1 1 0 0 1 1 0 1 0 0 1 0 0 0 0 0 0 0 1 1 0 2.9229037761688232
0 0 0 0 1 0 0 0 0 1 1 0 0 0 0 0 0 0 0 1 0 1 1 0 0 1 1 0 1 0 0 1 0 0 0 0 0 0 0 1 1 0 3.567643404006958
0 0 0 0 1 0 0 0 0 1 1 0 0 0 0 1 0 0 0 1 0 1 1 0 0 1 1 0 1 0 0 1 0 0 0 0 0 0 0 1 1 0 3.978806495666504
0 0 0 0 1 0 0 0 0 1 1 0 0 0 1 1 0 0 0 1 0 1 1 0 0 1 1 0 1 0 0 1 0 0 0 0 0 0 0 1 1 0 4.3100128173828125
0 0 0 0 1 0 0 0 0 1 1 0 0 0 1 1 0 0 0 1 0 1 0 0 0 1 1 0 1 0 0 1 0 0 0 0 0 0 0 1 1 0 4.738565921783447
0 0 0 0 1 0 0 0 0 1 1 0 0 0 1 1 0 0 0 1 0 1 0 0 0 1 1 0 1 0 0 1 1 0 0 0 0 0 0 1 1 0 5.119685173034668
0 0 0 0 1 0 0 0 0 1 1 0 0 0 1 1 0 0 0 1 0 0 0 0 0 1 1 0 1 0 0 1 1 0 0 0 0 0 0 1 1 0 5.500296115875244
0 0 0 0 1 0 0 0 0 1 1 0 0 0 1 1 0 1 0 1 0 0 0 0 0 1 1 0 1 0 0 1 1 0 0 0 0 0 0 1 1 0 5.800674915313721
0 0 0 0 1 0 0 0 0 1 1 0 0 0 1 1 0 1 0 1 0 0 0 0 0 1 1 0 1 0 0 0 1 0 0 0 0 0 0 1 1 0 6.2042741775512695
0 0 1 0 1 0 0 0 0 1 1 0 0 0 1 1 0 1 0 1 0 0 0 0 0 1 1 0 1 0 0 0 1 0 0 0 0 0 0 1 1 0 6.433259963989258
0 0 1 0 1 0 0 0 0 1 1 0 0 0 1 1 0 1 0 1 0 0 0 0 0 1 1 0 1 0 0 0 1 1 0 0 0 0 0 1 1 0 6.708034515380859
0 0 1 0 1 0 0 0 1 1 1 0 0 0 1 1 0 1 0 1 0 0 0 0 0 1 1 0 1 0 0 0 1 1 0 0 0 0 0 1 1 0 6.80342435836792
0 0 1 0 1 0 0 0 1 1 1 0 0 0 1 1 0 1 0 1 0 0 0 0 0 1 1 0 1 0 0 0 1 1 1 0 0 0 0 1 1 0 6.978484630584717
0 0 1 0 1 0 0 0 1 1 1 0 0 0 1 1 0 1 0 1 0 0 0 0 0 1 1 0 1 1 0 0 1 1 1 0 0 0 0 1 1 0 7.012040615081787
0 0 1 0 1 0 0 0 1 1 1 0 0 0 1 1 0 1 0 1 0 0 0 0 0 1 1 0 1 1 1 0 1 1 1 0 0 0 0 1 1 0 7.1474761962890625
0 0 1 0 1 0 0 0 1 1 0 0 0 0 1 1 0 1 0 1 0 0 0 0 0 1 1 0 1 1 1 0 1 1 1 0 0 0 0 1 1 0 7.190074443817139
0 0 1 0 1 0 0 0 1 1 0 0 0 0 1 1 0 1 0 0 0 0 0 0 0 1 1 0 1 1 1 0 1 1 1 0 0 0 0 1 1 0 7.232306957244873
0 0 1 0 1 0 0 0 1 1 0 0 0 1 1 1 0 1 0 0 0 0 0 0 0 1 1 0 1 1 1 0 1 1 1 0 0 0 0 1 1 0 7.257511138916016
0 0 1 0 1 0 0 0 1 1 0 0 1 1 1 1 0 1 0 0 0 0 0 0 0 1 1 0 1 1 1 0 1 1 1 0 0 0 0 1 1 0 7.312448501586914
0 0 1 0 1 0 0 0 1 1 0 0 1 1 1 1 0 1 0 0 0 0 0 0 0 1 1 0 1 1 1 0 1 1 1 0 0 0 1 1 1 0 7.302948951721191
0 0 0 1 0 1 0 0 0 1 0 1 0 0 0 0 0 1 0 0 0 1 0 0 0 1 1 0 0 0 0 0 1 0 1 1 0 0 0 0 0 0 3.7872753143310547
0 0 0 1 1 1 0 0 0 1 0 1 0 0 0 0 0 1 0 0 0 1 0 0 0 1 1 0 0 0 0 0 1 0 1 1 0 0 0 0 0 0 4.279466152191162
0 0 0 1 1 1 0 0 0 1 0 1 0 0 0 0 0 1 0 0 0 1 0 0 0 1 1 0 0 0 0 0 0 0 1 1 0 0 0 0 0 0 4.757197856903076
0 0 1 1 1 1 0 0 0 1 0 1 0 0 0 0 0 1 0 0 0 1 0 0 0 1 1 0 0 0 0 0 0 0 1 1 0 0 0 0 0 0 5.112195014953613
0 0 1 1 1 1 0 0 0 1 0 1 0 0 0 1 0 1 0 0 0 1 0 0 0 1 1 0 0 0 0 0 0 0 1 1 0 0 0 0 0 0 5.436702251434326
0 0 1 1 1 1 0 0 0 1 0 1 0 0 0 1 0 1 0 0 0 0 0 0 0 1 1 0 0 0 0 0 0 0 1 1 0 0 0 0 0 0 5.593953609466553
0 0 1 1 1 1 0 0 0 1 0 1 0 0 0 1 0 1 0 0 0 0 0 0 0 1 1 0 0 1 0 0 0 0 1 1 0 0 0 0 0 0 5.741573333740234
0 0 1 1 1 1 0 0 0 1 0 0 0 0 0 1 0 1 0 0 0 0 0 0 0 1 1 0 0 1 0 0 0 0 1 1 0 0 0 0 0 0 5.997628688812256
0 0 1 1 1 1 0 0 0 1 0 0 0 0 0 1 0 1 0 0 0 0 0 0 0 1 1 0 0 1 1 0 0 0 1 1 0 0 0 0 0 0 6.224071025848389
0 0 1 1 1 1 0 0 0 1 0 0 0 0 1 1 0 1 0 0 0 0 0 0 0 1 1 0 0 1 1 0 0 0 1 1 0 0 0 0 0 0 6.411613941192627
0 0 1 1 1 1 0 0 0 1 0 0 0 0 1 1 0 1 0 0 0 0 0 0 0 1 1 0 0 1 1 0 0 1 1 1 0 0 0 0 0 0 6.6068525314331055
0 0 1 1 1 1 0 0 0 1 0 0 0 0 1 1 0 1 0 0 0 0 0 0 0 1 1 0 0 1 1 0 0 1 1 0 0 0 0 0 0 0 6.7257184982299805
0 0 1 1 1 1 0 0 1 1 0 0 0 0 1 1 0 1 0 0 0 0 0 0 0 1 1 0 0 1 1 0 0 1 1 0 0 0 0 0 0 0 6.86016845703125
0 0 1 1 1 1 0 0 1 1 0 0 0 0 1 1 0 1 1 0 0 0 0 0 0 1 1 0 0 1 1 0 0 1 1 0 0 0 0 0 0 0 7.0096435546875
0 0 1 0 1 1 0 0 1 1 0 0 0 0 1 1 0 1 1 0 0 0 0 0 0 1 1 0 0 1 1 0 0 1 1 0 0 0 0 0 0 0 7.136498928070068
0 0 1 0 1 1 0 0 1 1 0 0 0 0 1 1 0 1 1 0 0 0 0 0 0 1 1 0 0 1 1 0 0 1 1 0 0 0 0 1 0 0 7.2402753829956055
0 0 1 0 1 1 1 0 1 1 0 0 0 0 1 1 0 1 1 0 0 0 0 0 0 1 1 0 0 1 1 0 0 1 1 0 0 0 0 1 0 0 7.2863006591796875
0 0 1 0 1 1 1 0 1 1 0 0 0 0 1 1 0 1 1 0 0 0 0 0 0 1 1 0 1 1 1 0 0 1 1 0 0 0 0 1 0 0 7.331790924072266
0 0 1 0 1 1 1 0 1 1 0 0 0 0 1 1 0 1 1 0 0 0 0 0 0 1 1 0 1 1 1 0 0 1 1 0 0 0 1 1 0 0 7.340425968170166
0 0 1 0 1 1 1 0 1 1 0 0 0 1 1 1 0 1 1 0 0 0 0 0 0 1 1 0 1 1 1 0 0 1 1 0 0 0 1 1 0 0 7.346484184265137
0 0 1 0 1 1 1 0 1 1 0 0 0 1 1 1 0 1 1 0 0 0 0 0 1 1 1 0 1 1 1 0 0 1 1 0 0 0 1 1 0 0 7.348084449768066
0 0 1 0 1 1 1 0 1 1 0 0 0 1 1 1 0 1 1 0 0 0 0 0 0 1 1 0 1 1 1 0 0 1 1 0 0 0 1 1 0 0 7.346484184265137
0 0 0 0 1 0 0 0 0 1 1 0 0 0 1 1 0 0 1 1 1 0 0 0 0 0 0 0 0 1 0 0 0 1 1 0 0 0 0 0 0 0 4.905701160430908
0 0 1 0 1 0 0 0 0 1 1 0 0 0 1 1 0 0 1 1 1 0 0 0 0 0 0 0 0 1 0 0 0 1 1 0 0 0 0 0 0 0 5.381361484527588
0 0 1 0 1 0 0 0 0 1 1 0 0 0 1 1 0 0 1 1 1 0 0 0 0 0 0 0 0 1 0 0 1 1 1 0 0 0 0 0 0 0 5.718100547790527
0 0 1 0 1 0 0 0 0 1 1 0 0 0 1 1 0 0 1 1 1 0 0 0 0 0 0 0 1 1 0 0 1 1 1 0 0 0 0 0 0 0 5.99238920211792
0 0 1 0 1 0 0 0 0 1 1 0 0 0 1 1 0 1 1 1 1 0 0 0 0 0 0 0 1 1 0 0 1 1 1 0 0 0 0 0 0 0 6.270051956176758
0 0 1 0 1 0 0 0 1 1 1 0 0 0 1 1 0 1 1 1 1 0 0 0 0 0 0 0 1 1 0 0 1 1 1 0 0 0 0 0 0 0 6.4796247482299805
0 0 1 0 1 0 0 0 1 1 1 0 0 0 1 1 0 1 1 1 1 0 0 0 0 0 0 0 1 1 0 0 1 1 1 0 0 0 0 1 0 0 6.663435459136963
0 0 1 0 1 0 0 0 1 1 1 0 0 0 1 1 0 1 1 1 1 0 0 0 0 0 0 0 1 1 0 0 1 1 1 0 0 0 0 1 1 0 6.855978965759277
0 0 1 0 1 0 0 0 1 1 1 0 0 0 1 1 0 1 1 1 1 0 0 0 0 0 1 0 1 1 0 0 1 1 1 0 0 0 0 1 1 0 6.923757553100586
0 0 1 0 1 0 0 0 1 1 1 0 1 0 1 1 0 1 1 1 1 0 0 0 0 0 1 0 1 1 0 0 1 1 1 0 0 0 0 1 1 0 6.984610080718994
0 0 1 0 1 0 0 0 1 1 1 0 1 0 1 1 0 1 1 1 1 0 0 0 0 1 1 0 1 1 0 0 1 1 1 0 0 0 0 1 1 0 7.128520965576172
0 0 1 0 1 0 0 0 1 1 1 0 1 1 1 1 0 1 1 1 1 0 0 0 0 1 1 0 1 1 0 0 1 1 1 0 0 0 0 1 1 0 7.161357879638672
0 0 1 0 1 0 0 0 1 1 1 0 1 0 1 1 0 1 1 1 1 0 0 0 0 1 1 0 1 1 0 0 1 1 1 0 0 0 0 1 1 0 7.128520965576172
0 0 0 0 1 0 0 0 0 1 1 0 0 0 1 1 0 1 0 0 0 0 0 0 0 1 0 1 0 1 0 0 0 1 0 0 0 1 0 0 0 0 4.623704433441162
0 0 0 0 1 0 0 0 0 1 1 0 0 0 1 1 0 1 0 0 0 0 0 0 0 1 0 1 0 1 0 0 0 1 0 0 0 0 0 0 0 0 5.462477684020996
0 0 1 0 1 0 0 0 0 1 1 0 0 0 1 1 0 1 0 0 0 0 0 0 0 1 0 1 0 1 0 0 0 1 0 0 0 0 0 0 0 0 5.849256992340088
0 0 1 0 1 0 0 0 0 1 1 0 0 0 1 1 0 1 0 0 0 0 0 0 0 1 1 1 0 1 0 0 0 1 0 0 0 0 0 0 0 0 6.044090270996094
0 0 1 0 1 0 0 0 0 1 0 0 0 0 1 1 0 1 0 0 0 0 0 0 0 1 1 1 0 1 0 0 0 1 0 0 0 0 0 0 0 0 6.281374454498291
0 0 1 0 1 0 0 0 0 1 0 0 0 0 1 1 0 1 0 0 0 0 0 0 0 1 1 1 0 1 1 0 0 1 0 0 0 0 0 0 0 0 6.495345115661621
0 0 1 0 1 0 0 0 0 1 0 0 0 0 1 1 0 1 0 0 0 0 0 0 0 1 1 1 0 1 1 0 0 1 1 0 0 0 0 0 0 0 6.720241546630859
0 0 1 0 1 0 0 0 1 1 0 0 0 0 1 1 0 1 0 0 0 0 0 0 0 1 1 1 0 1 1 0 0 1 1 0 0 0 0 0 0 0 6.905114650726318
0 0 1 0 1 0 0 0 1 1 0 0 0 0 1 1 0 1 1 0 0 0 0 0 0 1 1 1 0 1 1 0 0 1 1 0 0 0 0 0 0 0 7.063351631164551
0 0 1 0 1 0 0 0 1 1 0 0 0 0 1 1 0 1 1 0 0 0 0 0 0 1 1 1 0 1 1 0 0 1 1 0 0 0 0 1 0 0 7.167214393615723
0 0 1 0 1 0 0 0 1 1 0 0 0 0 1 1 0 1 1 0 0 0 0 0 0 1 1 1 1 1 1 0 0 1 1 0 0 0 0 1 0 0 7.212371349334717
0 0 1 0 1 0 1 0 1 1 0 0 0 0 1 1 0 1 1 0 0 0 0 0 0 1 1 1 1 1 1 0 0 1 1 0 0 0 0 1 0 0 7.26007604598999
0 0 1 0 1 0 1 0 1 1 0 0 0 0 1 1 0 1 1 0 0 0 0 0 0 1 1 0 1 1 1 0 0 1 1 0 0 0 0 1 0 0 7.305946350097656
0 0 1 0 1 1 1 0 1 1 0 0 0 0 1 1 0 1 1 0 0 0 0 0 0 1 1 0 1 1 1 0 0 1 1 0 0 0 0 1 0 0 7.331790924072266
0 0 1 0 1 1 1 0 1 1 0 0 0 0 1 1 0 1 1 0 0 0 0 0 0 1 1 0 1 1 1 0 0 1 1 0 0 0 1 1 0 0 7.340425968170166
0 0 1 0 1 1 1 0 1 1 0 0 0 1 1 1 0 1 1 0 0 0 0 0 0 1 1 0 1 1 1 0 0 1 1 0 0 0 1 1 0 0 7.346484184265137
0 0 1 0 1 1 1 0 1 1 0 0 0 1 1 1 0 1 1 0 0 0 0 0 1 1 1 0 1 1 1 0 0 1 1 0 0 0 1 1 0 0 7.348084449768066
0 0 1 0 1 1 1 0 1 1 0 0 0 1 1 1 0 1 1 0 0 0 0 0 0 1 1 0 1 1 1 0 0 1 1 0 0 0 1 1 0 0 7.346484184265137
0 0 1 0 1 0 0 0 0 0 0 0 0 0 0 1 0 1 1 0 1 0 0 0 0 0 1 1 0 1 0 0 0 0 0 0 0 0 1 0 0 1 3.9906203746795654
0 0 1 0 1 0 0 0 0 1 0 0 0 0 0 1 0 1 1 0 1 0 0 0 0 0 1 1 0 1 0 0 0 0 0 0 0 0 1 0 0 1 4.802194118499756
0 0 1 0 1 0 0 0 0 1 0 0 0 0 0 1 0 1 1 0 1 0 0 0 0 0 1 1 0 1 0 0 0 0 0 0 0 0 1 0 0 0 5.451767921447754
0 0 1 0 1 0 0 0 0 1 0 0 0 0 0 1 0 1 1 0 1 0 0 0 0 0 1 1 0 1 1 0 0 0 0 0 0 0 1 0 0 0 5.820812702178955
0 0 1 0 1 0 0 0 0 1 0 0 0 0 0 1 0 1 1 0 1 0 0 0 0 0 1 1 0 1 1 0 0 1 0 0 0 0 1 0 0 0 6.1677093505859375
0 0 1 0 1 0 0 0 0 1 0 0 0 0 0 1 0 1 1 0 1 0 0 0 0 1 1 1 0 1 1 0 0 1 0 0 0 0 1 0 0 0 6.428183555603027
0 0 1 0 1 0 0 0 1 1 0 0 0 0 0 1 0 1 1 0 1 0 0 0 0 1 1 1 0 1 1 0 0 1 0 0 0 0 1 0 0 0 6.621248722076416
0 0 1 0 1 0 0 0 1 1 0 0 0 0 0 1 0 1 1 0 1 0 0 0 0 1 1 1 0 1 1 0 0 1 1 0 0 0 1 0 0 0 6.8780341148376465
0 0 1 0 1 0 0 0 1 1 0 0 0 0 1 1 0 1 1 0 1 0 0 0 0 1 1 1 0 1 1 0 0 1 1 0 0 0 1 0 0 0 7.0233869552612305
0 0 1 0 1 0 0 0 1 1 0 0 0 0 1 1 0 1 1 0 1 0 0 0 0 1 1 1 1 1 1 0 0 1 1 0 0 0 1 0 0 0 7.097026824951172
0 0 1 0 1 0 0 0 1 1 0 0 0 0 1 1 0 1 1 0 1 0 0 0 0 1 1 1 1 1 1 0 0 1 1 0 0 0 1 1 0 0 7.182186126708984
0 0 1 0 1 0 1 0 1 1 0 0 0 0 1 1 0 1 1 0 1 0 0 0 0 1 1 1 1 1 1 0 0 1 1 0 0 0 1 1 0 0 7.2513885498046875
0 0 1 0 1 1 1 0 1 1 0 0 0 0 1 1 0 1 1 0 1 0 0 0 0 1 1 1 1 1 1 0 0 1 1 0 0 0 1 1 0 0 7.2776689529418945
0 0 1 0 1 1 1 0 1 1 0 0 0 0 1 1 0 1 1 0 1 0 0 0 0 1 1 0 1 1 1 0 0 1 1 0 0 0 1 1 0 0 7.3256025314331055
0 0 1 0 1 1 1 0 1 1 0 0 0 0 1 1 0 1 1 0 0 0 0 0 0 1 1 0 1 1 1 0 0 1 1 0 0 0 1 1 0 0 7.340425968170166
0 0 1 0 1 1 1 0 1 1 0 0 0 1 1 1 0 1 1 0 0 0 0 0 0 1 1 0 1 1 1 0 0 1 1 0 0 0 1 1 0 0 7.346484184265137
0 0 1 0 1 1 1 0 1 1 0 0 0 1 1 1 0 1 1 0 0 0 0 0 1 1 1 0 1 1 1 0 0 1 1 0 0 0 1 1 0 0 7.348084449768066
0 0 1 0 1 1 1 0 1 1 0 0 0 1 1 1 0 1 1 0 0 0 0 0 0 1 1 0 1 1 1 0 0 1 1 0 0 0 1 1 0 0 7.346484184265137
0 0 0 0 0 0 0 0 0 1 0 0 0 0 0 1 0 1 0 0 0 1 0 0 1 1 1 0 1 0 0 1 0 0 0 0 0 0 0 1 1 0 3.6214489936828613
0 0 0 0 1 0 0 0 0 1 0 0 0 0 0 1 0 1 0 0 0 1 0 0 1 1 1 0 1 0 0 1 0 0 0 0 0 0 0 1 1 0 4.526278018951416
0 0 0 0 1 0 0 0 0 1 0 0 0 0 1 1 0 1 0 0 0 1 0 0 1 1 1 0 1 0 0 1 0 0 0 0 0 0 0 1 1 0 4.938014030456543
0 0 0 0 1 0 0 0 0 1 0 0 0 0 1 1 0 1 0 0 0 0 0 0 1 1 1 0 1 0 0 1 0 0 0 0 0 0 0 1 1 0 5.3417558670043945
0 0 1 0 1 0 0 0 0 1 0 0 0 0 1 1 0 1 0 0 0 0 0 0 1 1 1 0 1 0 0 1 0 0 0 0 0 0 0 1 1 0 5.635653972625732
0 0 1 0 1 0 0 0 0 1 0 0 0 0 1 1 0 1 0 0 0 0 0 0 1 1 1 0 1 0 0 1 0 0 1 0 0 0 0 1 1 0 5.98715877532959
0 0 1 0 1 0 0 0 0 1 0 0 0 0 1 1 0 1 0 0 0 0 0 0 1 1 1 0 1 0 0 0 0 0 1 0 0 0 0 1 1 0 6.221644401550293
0 0 1 0 1 0 0 0 0 1 0 0 0 0 1 1 0 1 0 0 0 0 0 0 1 1 1 0 1 0 0 0 1 0 1 0 0 0 0 1 1 0 6.4595947265625
0 0 1 0 1 0 0 0 0 1 0 0 0 0 1 1 0 1 0 0 0 0 0 0 0 1 1 0 1 0 0 0 1 0 1 0 0 0 0 1 1 0 6.6427106857299805
0 0 1 0 1 0 0 0 1 1 0 0 0 0 1 1 0 1 0 0 0 0 0 0 0 1 1 0 1 0 0 0 1 0 1 0 0 0 0 1 1 0 6.812427997589111
0 0 1 0 1 0 0 0 1 1 0 0 0 0 1 1 0 1 0 0 0 0 0 0 0 1 1 0 1 1 0 0 1 0 1 0 0 0 0 1 1 0 6.999387264251709
0 0 1 0 1 0 0 0 1 1 0 0 0 0 1 1 0 1 0 0 0 0 0 0 0 1 1 0 1 1 0 0 1 1 1 0 0 0 0 1 1 0 7.102287769317627
0 0 1 0 1 0 0 0 1 1 0 0 0 0 1 1 0 1 0 0 0 0 0 0 0 1 1 0 1 1 1 0 1 1 1 0 0 0 0 1 1 0 7.232306957244873
0 0 1 0 1 0 0 0 1 1 0 0 0 1 1 1 0 1 0 0 0 0 0 0 0 1 1 0 1 1 1 0 1 1 1 0 0 0 0 1 1 0 7.257511138916016
0 0 1 0 1 0 0 0 1 1 0 0 1 1 1 1 0 1 0 0 0 0 0 0 0 1 1 0 1 1 1 0 1 1 1 0 0 0 0 1 1 0 7.312448501586914
0 0 1 0 1 0 0 0 1 1 0 0 1 1 1 1 0 1 0 0 0 0 0 0 0 1 1 0 1 1 1 0 1 1 1 0 0 0 1 1 1 0 7.302948951721191
0 0 0 0 1 0 0 1 1 1 1 0 0 1 0 1 0 0 0 1 0 0 0 0 0 0 0 0 0 1 0 0 0 1 0 0 0 0 0 0 0 1 4.147820472717285
0 0 0 0 1 0 0 1 1 1 1 0 0 1 0 1 0 0 0 1 0 0 0 0 0 0 0 0 0 1 0 0 1 1 0 0 0 0 0 0 0 1 4.494462490081787
0 0 0 0 1 0 0 1 1 1 1 0 0 1 0 1 0 0 0 1 0 0 0 0 0 0 0 0 0 0 0 0 1 1 0 0 0 0 0 0 0 1 4.900538444519043
0 0 0 0 1 0 0 1 1 1 1 0 0 1 0 1 0 0 0 1 0 0 0 0 0 0 0 0 0 0 0 0 1 1 0 0 0 0 0 1 0 1 5.3334808349609375
0 0 0 0 1 0 0 1 1 1 1 0 0 1 1 1 0 0 0 1 0 0 0 0 0 0 0 0 0 0 0 0 1 1 0 0 0 0 0 1 0 1 5.6486287117004395
0 0 0 0 1 0 0 1 1 1 1 0 0 1 1 1 0 1 0 1 0 0 0 0 0 0 0 0 0 0 0 0 1 1 0 0 0 0 0 1 0 1 5.920254230499268
0 0 0 0 1 0 0 1 1 1 1 0 0 1 1 1 0 1 0 1 0 0 0 0 0 0 0 0 0 0 0 0 1 1 0 0 0 0 0 1 1 1 6.250471591949463
0 0 0 0 1 0 0 1 1 1 1 0 0 1 1 1 0 1 0 1 0 0 0 0 0 0 0 1 0 0 0 0 1 1 0 0 0 0 0 1 1 1 6.465334892272949
0 0 0 0 1 0 0 1 1 1 1 0 0 1 1 1 0 1 0 0 0 0 0 0 0 0 0 1 0 0 0 0 1 1 0 0 0 0 0 1 1 1 6.606545448303223
0 0 0 0 1 0 0 1 1 1 1 0 0 1 1 1 0 1 0 0 0 0 0 0 0 0 0 1 0 0 0 0 1 1 1 0 0 0 0 1 1 1 6.746824741363525
0 0 0 0 1 0 0 0 1 1 1 0 0 1 1 1 0 1 0 0 0 0 0 0 0 0 0 1 0 0 0 0 1 1 1 0 0 0 0 1 1 1 6.856985569000244
0 0 0 0 1 0 0 0 1 1 1 0 0 1 1 1 0 1 0 0 1 0 0 0 0 0 0 1 0 0 0 0 1 1 1 0 0 0 0 1 1 1 6.893825531005859
0 0 0 0 1 0 0 0 1 1 1 0 0 1 1 1 1 1 0 0 1 0 0 0 0 0 0 1 0 0 0 0 1 1 1 0 0 0 0 1 1 1 6.999722957611084
0 0 0 0 1 0 0 0 1 1 1 0 0 1 1 1 1 1 0 0 1 0 0 0 0 0 0 1 0 0 0 0 1 1 1 1 0 0 0 1 1 1 7.003904819488525
0 0 0 0 1 0 0 0 1 1 1 0 0 1 1 1 1 1 0 0 1 0 0 0 0 0 0 1 0 0 0 0 1 1 1 1 0 0 1 1 1 1 7.123813152313232
0 0 0 0 1 0 0 0 1 1 1 0 0 1 1 1 1 1 0 0 1 0 0 0 0 0 0 1 0 0 0 0 1 1 1 1 0 0 1 1 1 0 7.211513519287109
0 0 0 0 1 0 0 0 1 1 1 0 0 1 1 1 1 1 0 0 1 0 0 0 0 0 0 1 0 0 0 0 1 0 1 1 0 0 1 1 1 0 7.179584503173828
0 0 0 0 1 0 0 0 0 1 1 0 0 0 1 1 0 1 0 0 0 0 1 0 0 0 0 1 0 1 0 0 1 1 0 0 0 0 0 0 0 0 4.82597017288208
0 0 0 0 1 0 0 0 0 1 1 0 0 0 1 1 0 1 0 0 0 0 0 0 0 0 0 1 0 1 0 0 1 1 0 0 0 0 0 0 0 0 5.556316375732422
0 0 1 0 1 0 0 0 0 1 1 0 0 0 1 1 0 1 0 0 0 0 0 0 0 0 0 1 0 1 0 0 1 1 0 0 0 0 0 0 0 0 5.81227445602417
0 0 1 0 1 0 0 0 0 1 1 0 0 0 1 1 0 1 0 0 0 0 0 0 0 1 0 1 0 1 0 0 1 1 0 0 0 0 0 0 0 0 6.042342185974121
0 0 1 0 1 0 0 0 0 1 1 0 0 0 1 1 0 1 0 0 0 0 0 0 0 1 0 1 0 1 0 0 1 1 0 0 0 0 0 1 0 0 6.249186038970947
0 0 1 0 1 0 0 0 0 1 1 0 0 0 1 1 0 1 0 0 0 0 0 0 0 1 1 1 0 1 0 0 1 1 0 0 0 0 0 1 0 0 6.3566203117370605
0 0 1 0 1 0 0 0 1 1 1 0 0 0 1 1 0 1 0 0 0 0 0 0 0 1 1 1 0 1 0 0 1 1 0 0 0 0 0 1 0 0 6.478046417236328
0 0 1 0 1 0 0 0 1 1 1 0 0 0 1 1 0 1 0 0 0 0 0 0 0 1 1 1 0 1 0 0 1 1 1 0 0 0 0 1 0 0 6.732107639312744
0 0 1 0 1 0 0 0 1 1 1 0 0 0 1 1 0 1 0 0 0 0 0 0 0 1 1 1 1 1 0 0 1 1 1 0 0 0 0 1 0 0 6.944288730621338
0 0 1 0 1 0 0 0 1 1 1 0 0 0 1 1 0 1 0 0 0 0 0 0 0 1 1 1 1 1 1 0 1 1 1 0 0 0 0 1 0 0 7.017579555511475
0 0 1 0 1 0 0 0 1 1 1 0 0 0 1 1 0 1 0 0 0 0 0 0 0 1 1 1 1 1 1 0 1 1 1 0 0 0 0 1 1 0 7.120589256286621
0 0 1 0 1 0 0 0 1 1 1 0 0 1 1 1 0 1 0 0 0 0 0 0 0 1 1 1 1 1 1 0 1 1 1 0 0 0 0 1 1 0 7.201775074005127
0 0 1 0 1 0 0 0 1 1 0 0 0 1 1 1 0 1 0 0 0 0 0 0 0 1 1 1 1 1 1 0 1 1 1 0 0 0 0 1 1 0 7.264127731323242
0 0 1 0 1 0 0 0 1 1 0 0 0 1 1 1 0 1 0 0 0 0 0 0 0 1 1 0 1 1 1 0 1 1 1 0 0 0 0 1 1 0 7.257511138916016
0 1 0 1 0 1 0 0 1 1 0 0 0 0 0 0 0 1 0 0 0 0 0 0 0 1 0 0 0 0 0 0 0 0 1 0 0 0 0 0 0 1 4.628593444824219
0 1 0 1 0 1 0 0 1 1 0 0 0 0 0 1 0 1 0 0 0 0 0 0 0 1 0 0 0 0 0 0 0 0 1 0 0 0 0 0 0 1 5.053714752197266
0 1 0 1 0 1 0 0 1 1 0 0 0 0 0 1 0 1 0 0 0 0 0 0 0 1 0 0 0 0 0 1 0 0 1 0 0 0 0 0 0 1 5.326654434204102
0 1 0 1 0 1 0 0 1 1 0 0 0 0 0 1 1 1 0 0 0 0 0 0 0 1 0 0 0 0 0 1 0 0 1 0 0 0 0 0 0 1 5.5892181396484375
0 0 0 1 0 1 0 0 1 1 0 0 0 0 0 1 1 1 0 0 0 0 0 0 0 1 0 0 0 0 0 1 0 0 1 0 0 0 0 0 0 1 5.781641960144043
0 0 0 1 1 1 0 0 1 1 0 0 0 0 0 1 1 1 0 0 0 0 0 0 0 1 0 0 0 0 0 1 0 0 1 0 0 0 0 0 0 1 5.977027416229248
0 0 0 1 1 1 0 0 1 1 0 0 0 0 0 1 1 1 0 0 0 0 0 0 0 1 0 1 0 0 0 1 0 0 1 0 0 0 0 0 0 1 6.117572784423828
0 0 0 1 1 1 0 0 1 1 0 0 0 0 1 1 1 1 0 0 0 0 0 0 0 1 0 1 0 0 0 1 0 0 1 0 0 0 0 0 0 1 6.217770576477051
0 0 0 1 1 1 0 0 1 1 0 0 0 0 1 1 1 1 0 0 0 0 0 0 0 1 0 1 0 0 0 1 0 0 1 1 0 0 0 0 0 1 6.303384304046631
0 0 0 1 1 1 0 0 1 1 0 0 0 0 1 1 1 1 0 0 0 0 0 0 0 1 0 1 0 0 0 1 0 1 1 1 0 0 0 0 0 1 6.396421909332275
0 0 0 1 1 1 0 0 1 1 0 0 0 0 1 1 1 1 0 0 0 0 0 0 0 1 0 1 0 0 0 1 0 1 1 1 0 0 0 1 0 1 6.4708781242370605
0 0 0 1 1 1 0 0 1 1 0 0 0 1 1 1 1 1 0 0 0 0 0 0 0 1 0 1 0 0 0 1 0 1 1 1 0 0 0 1 0 1 6.546457290649414
0 0 0 0 1 1 0 0 1 1 0 0 0 1 1 1 1 1 0 0 0 0 0 0 0 1 0 1 0 0 0 1 0 1 1 1 0 0 0 1 0 1 6.604461193084717
0 0 0 0 1 1 0 0 1 1 0 0 0 1 1 1 1 1 0 0 0 0 0 0 0 1 0 1 0 0 0 1 1 1 1 1 0 0 0 1 0 1 6.833446025848389
0 0 0 0 1 1 0 0 1 1 0 0 0 1 1 1 1 1 0 0 0 0 0 0 0 1 0 1 0 0 0 1 1 1 1 1 0 0 0 1 1 1 6.878378391265869
0 0 0 0 1 1 0 0 1 1 0 0 0 1 1 1 1 1 0 0 1 0 0 0 0 1 0 1 0 0 0 1 1 1 1 1 0 0 0 1 1 1 6.932193756103516
0 0 0 0 1 0 0 0 1 1 0 0 0 1 1 1 1 1 0 0 1 0 0 0 0 1 0 1 0 0 0 1 1 1 1 1 0 0 0 1 1 1 6.929347038269043
0 0 0 0 0 0 0 0 0 1 1 0 1 1 1 0 0 0 0 1 0 0 0 0 0 0 0 0 1 0 0 0 0 1 0 1 0 0 0 0 0 0 3.804197311401367
0 0 0 0 0 0 0 0 0 1 1 0 1 1 1 0 0 1 0 1 0 0 0 0 0 0 0 0 1 0 0 0 0 1 0 1 0 0 0 0 0 0 4.439373016357422
0 0 0 0 1 0 0 0 0 1 1 0 1 1 1 0 0 1 0 1 0 0 0 0 0 0 0 0 1 0 0 0 0 1 0 1 0 0 0 0 0 0 4.978701591491699
0 0 0 0 1 0 0 0 0 1 1 0 1 1 1 1 0 1 0 1 0 0 0 0 0 0 0 0 1 0 0 0 0 1 0 1 0 0 0 0 0 0 5.451769828796387
0 0 0 0 1 0 0 0 0 1 1 0 1 1 1 1 0 1 0 1 0 0 0 0 0 0 0 0 1 0 0 0 1 1 0 1 0 0 0 0 0 0 5.787093639373779
0 0 0 0 1 0 0 0 0 1 1 0 1 1 1 1 0 1 0 1 0 0 0 0 0 0 0 0 1 0 0 0 1 1 0 1 0 0 0 1 0 0 6.014920711517334
0 0 1 0 1 0 0 0 0 1 1 0 1 1 1 1 0 1 0 1 0 0 0 0 0 0 0 0 1 0 0 0 1 1 0 1 0 0 0 1 0 0 6.214036464691162
0 0 1 0 1 0 0 0 0 1 1 0 1 1 1 1 0 1 0 1 0 0 0 0 0 0 0 0 1 0 0 0 1 1 1 1 0 0 0 1 0 0 6.392261981964111
0 0 1 0 1 0 0 0 0 1 1 0 1 1 1 1 0 1 0 1 0 0 0 0 0 0 1 0 1 0 0 0 1 1 1 1 0 0 0 1 0 0 6.519662380218506
0 0 1 0 1 0 0 0 0 1 1 0 1 1 1 1 0 1 0 1 0 0 0 0 0 1 1 0 1 0 0 0 1 1 1 1 0 0 0 1 0 0 6.653505802154541
0 0 1 0 1 0 0 0 1 1 1 0 1 1 1 1 0 1 0 1 0 0 0 0 0 1 1 0 1 0 0 0 1 1 1 1 0 0 0 1 0 0 6.737051010131836
0 0 1 0 1 0 0 0 1 1 1 0 1 1 1 1 0 1 0 1 0 0 0 0 0 1 1 0 1 1 0 0 1 1 1 1 0 0 0 1 0 0 6.912415504455566
0 0 1 0 1 0 0 0 1 1 1 0 1 1 1 1 0 1 0 1 0 0 0 0 0 1 1 0 1 1 0 0 1 1 1 1 0 0 0 1 1 0 6.986595630645752
0 0 1 0 1 0 0 0 1 1 1 0 1 1 1 1 0 1 0 1 0 0 0 0 0 1 1 0 1 1 0 0 1 1 1 0 0 0 0 1 1 0 7.146059513092041
0 0 1 0 1 0 0 0 1 1 1 0 1 1 1 1 0 1 0 1 0 0 0 0 0 1 1 0 1 1 1 0 1 1 1 0 0 0 0 1 1 0 7.175581455230713
0 0 1 0 1 0 0 0 1 1 0 0 1 1 1 1 0 1 0 1 0 0 0 0 0 1 1 0 1 1 1 0 1 1 1 0 0 0 0 1 1 0 7.266824245452881
0 0 1 0 1 0 0 0 1 1 0 0 1 1 1 1 0 1 0 0 0 0 0 0 0 1 1 0 1 1 1 0 1 1 1 0 0 0 0 1 1 0 7.312448501586914
0 0 1 0 1 0 0 0 1 1 0 0 1 1 1 1 0 1 0 0 0 0 0 0 0 1 1 0 1 1 1 0 1 1 1 0 0 0 1 1 1 0 7.302948951721191
0 1 0 1 0 0 0 0 1 1 1 0 0 0 0 1 0 1 0 0 0 0 0 0 0 1 0 0 0 0 0 1 0 1 0 0 0 0 0 0 0 1 4.758960723876953
0 1 0 1 0 0 0 0 1 1 1 0 0 0 0 1 0 1 0 0 0 0 0 0 0 1 0 0 0 0 0 1 0 1 1 0 0 0 0 0 0 1 5.036816596984863
0 1 0 1 1 0 0 0 1 1 1 0 0 0 0 1 0 1 0 0 0 0 0 0 0 1 0 0 0 0 0 1 0 1 1 0 0 0 0 0 0 1 5.397846698760986
0 1 0 1 1 0 0 0 1 1 1 0 0 0 0 1 1 1 0 0 0 0 0 0 0 1 0 0 0 0 0 1 0 1 1 0 0 0 0 0 0 1 5.68792200088501
0 0 0 1 1 0 0 0 1 1 1 0 0 0 0 1 1 1 0 0 0 0 0 0 0 1 0 0 0 0 0 1 0 1 1 0 0 0 0 0 0 1 5.925685405731201
0 0 0 1 1 0 0 0 1 1 1 0 0 0 0 1 1 1 0 0 0 0 0 0 0 1 0 1 0 0 0 1 0 1 1 0 0 0 0 0 0 1 6.081688404083252
0 0 0 1 1 0 0 0 1 1 1 0 0 0 1 1 1 1 0 0 0 0 0 0 0 1 0 1 0 0 0 1 0 1 1 0 0 0 0 0 0 1 6.204744338989258
0 0 0 1 1 0 0 0 1 1 1 0 0 0 1 1 1 1 0 0 0 0 0 0 0 1 0 1 0 0 0 1 0 1 1 1 0 0 0 0 0 1 6.293432712554932
0 0 0 1 1 0 0 0 1 1 1 0 0 0 1 1 1 1 0 0 0 0 0 0 0 1 0 1 0 0 0 1 0 1 1 1 0 0 0 1 0 1 6.373049736022949
0 0 0 0 1 0 0 0 1 1 1 0 0 0 1 1 1 1 0 0 0 0 0 0 0 1 0 1 0 0 0 1 0 1 1 1 0 0 0 1 0 1 6.499369144439697
0 0 0 0 1 0 0 0 1 1 1 0 0 0 1 1 1 1 0 0 0 0 0 0 0 1 0 1 0 0 0 1 1 1 1 1 0 0 0 1 0 1 6.715082168579102
0 0 0 0 1 0 0 0 1 1 1 0 0 0 1 1 1 1 0 0 0 0 0 0 0 1 0 1 0 0 0 0 1 1 1 1 0 0 0 1 0 1 6.818374156951904
0 0 0 0 1 0 0 0 1 1 1 0 0 0 1 1 1 1 0 0 0 0 0 0 0 1 0 1 0 0 0 0 1 1 1 1 0 0 0 1 1 1 6.916901111602783
0 0 0 0 1 0 0 0 1 1 1 0 0 0 1 1 1 1 0 0 1 0 0 0 0 1 0 1 0 0 0 0 1 1 1 1 0 0 0 1 1 1 7.0535359382629395
0 0 0 0 1 0 0 0 1 1 1 0 0 1 1 1 1 1 0 0 1 0 0 0 0 1 0 1 0 0 0 0 1 1 1 1 0 0 0 1 1 1 7.0897626876831055
0 0 0 0 1 0 0 0 1 1 1 0 0 1 1 1 1 1 0 0 1 0 0 0 0 1 0 1 0 0 0 0 1 1 1 1 0 0 0 1 1 0 7.099054336547852
0 0 0 0 1 0 0 0 1 1 1 0 0 1 1 1 1 1 0 0 1 0 0 0 0 1 0 1 0 0 0 0 1 1 1 1 0 0 0 1 1 1 7.0897626876831055
0 0 0 1 1 1 0 0 1 1 1 0 0 0 0 1 0 0 1 0 0 0 0 0 0 0 0 0 0 1 0 0 0 1 0 0 0 0 0 0 0 1 3.965435266494751
0 0 0 1 1 1 0 0 1 1 1 0 0 0 1 1 0 0 1 0 0 0 0 0 0 0 0 0 0 1 0 0 0 1 0 0 0 0 0 0 0 1 4.486020088195801
0 0 0 1 1 1 0 0 1 1 1 0 0 0 1 1 0 0 1 0 0 0 0 0 0 0 0 0 0 1 0 0 0 1 0 0 0 0 0 0 0 0 4.848204135894775
0 0 0 1 1 1 0 0 1 1 1 0 0 0 1 1 0 1 1 0 0 0 0 0 0 0 0 0 0 1 0 0 0 1 0 0 0 0 0 0 0 0 5.2171220779418945
0 0 1 1 1 1 0 0 1 1 1 0 0 0 1 1 0 1 1 0 0 0 0 0 0 0 0 0 0 1 0 0 0 1 0 0 0 0 0 0 0 0 5.589179039001465
0 0 1 1 1 1 0 0 1 1 1 0 0 0 1 1 0 1 1 0 0 0 0 0 0 0 0 0 0 1 1 0 0 1 0 0 0 0 0 0 0 0 5.845526695251465
0 0 1 1 1 1 0 0 1 1 1 0 0 0 1 1 0 1 1 0 0 0 0 0 0 0 0 0 0 1 1 0 0 1 1 0 0 0 0 0 0 0 6.115400791168213
0 0 1 1 1 1 0 0 1 1 1 0 0 0 1 1 0 1 1 0 0 0 0 0 0 0 1 0 0 1 1 0 0 1 1 0 0 0 0 0 0 0 6.419548511505127
0 0 1 1 1 1 0 0 1 1 1 0 0 0 1 1 0 1 1 0 0 0 0 0 0 1 1 0 0 1 1 0 0 1 1 0 0 0 0 0 0 0 6.695499420166016
0 0 1 1 1 1 0 0 1 1 0 0 0 0 1 1 0 1 1 0 0 0 0 0 0 1 1 0 0 1 1 0 0 1 1 0 0 0 0 0 0 0 7.0096435546875
0 0 1 0 1 1 0 0 1 1 0 0 0 0 1 1 0 1 1 0 0 0 0 0 0 1 1 0 0 1 1 0 0 1 1 0 0 0 0 0 0 0 7.136498928070068
0 0 1 0 1 1 0 0 1 1 0 0 0 0 1 1 0 1 1 0 0 0 0 0 0 1 1 0 0 1 1 0 0 1 1 0 0 0 0 1 0 0 7.2402753829956055
0 0 1 0 1 1 1 0 1 1 0 0 0 0 1 1 0 1 1 0 0 0 0 0 0 1 1 0 0 1 1 0 0 1 1 0 0 0 0 1 0 0 7.2863006591796875
0 0 1 0 1 1 1 0 1 1 0 0 0 0 1 1 0 1 1 0 0 0 0 0 0 1 1 0 1 1 1 0 0 1 1 0 0 0 0 1 0 0 7.331790924072266
0 0 1 0 1 1 1 0 1 1 0 0 0 0 1 1 0 1 1 0 0 0 0 0 0 1 1 0 1 1 1 0 0 1 1 0 0 0 1 1 0 0 7.340425968170166
0 0 1 0 1 1 1 0 1 1 0 0 0 1 1 1 0 1 1 0 0 0 0 0 0 1 1 0 1 1 1 0 0 1 1 0 0 0 1 1 0 0 7.346484184265137
0 0 1 0 1 1 1 0 1 1 0 0 0 1 1 1 0 1 1 0 0 0 0 0 1 1 1 0 1 1 1 0 0 1 1 0 0 0 1 1 0 0 7.348084449768066
0 0 1 0 1 1 1 0 1 1 0 0 0 1 1 1 0 1 1 0 0 0 0 0 0 1 1 0 1 1 1 0 0 1 1 0 0 0 1 1 0 0 7.346484184265137
0 0 1 0 1 0 0 0 0 1 1 0 0 0 1 1 0 1 0 0 0 0 0 0 0 0 0 0 1 1 0 0 0 1 1 0 0 0 0 0 0 0 6.072975158691406
0 0 1 0 1 0 0 0 0 1 1 0 0 0 1 1 0 1 0 0 0 0 0 0 0 0 0 0 1 1 0 0 1 1 1 0 0 0 0 0 0 0 6.295928001403809
0 0 1 0 1 0 0 0 0 1 1 0 1 0 1 1 0 1 0 0 0 0 0 0 0 0 0 0 1 1 0 0 1 1 1 0 0 0 0 0 0 0 6.441910743713379
0 0 1 0 1 0 0 0 0 1 1 0 1 0 1 1 0 1 0 0 0 0 0 0 0 0 0 0 1 1 0 0 1 1 1 0 0 0 0 1 0 0 6.641242504119873
0 0 1 0 1 0 0 0 0 1 1 0 1 0 1 1 0 1 0 0 0 0 0 0 0 1 0 0 1 1 0 0 1 1 1 0 0 0 0 1 0 0 6.771638870239258
0 0 1 0 1 0 0 0 1 1 1 0 1 0 1 1 0 1 0 0 0 0 0 0 0 1 0 0 1 1 0 0 1 1 1 0 0 0 0 1 0 0 6.912201881408691
0 0 1 0 1 0 0 0 1 1 1 0 1 0 1 1 0 1 0 0 0 0 0 0 0 1 1 0 1 1 0 0 1 1 1 0 0 0 0 1 0 0 7.044677734375
0 0 1 0 1 0 0 0 1 1 1 0 1 0 1 1 0 1 0 0 0 0 0 0 0 1 1 0 1 1 0 0 1 1 1 0 0 0 0 1 1 0 7.086555004119873
0 0 1 0 1 0 0 0 1 1 1 0 1 0 1 1 0 1 0 0 0 0 0 0 0 1 1 0 1 1 0 0 1 1 1 0 0 0 1 1 1 0 7.178538799285889
0 0 1 0 1 0 0 0 1 1 1 0 1 0 1 1 0 1 0 0 0 0 0 0 0 1 1 0 1 1 1 0 1 1 1 0 0 0 1 1 1 0 7.191821098327637
0 0 1 0 1 0 0 0 1 1 1 0 1 1 1 1 0 1 0 0 0 0 0 0 0 1 1 0 1 1 1 0 1 1 1 0 0 0 1 1 1 0 7.236045837402344
0 0 1 0 1 0 0 0 1 1 0 0 1 1 1 1 0 1 0 0 0 0 0 0 0 1 1 0 1 1 1 0 1 1 1 0 0 0 1 1 1 0 7.302948951721191
0 0 1 0 1 0 0 0 1 1 0 0 1 1 1 1 0 1 0 0 0 0 0 0 0 1 1 0 1 1 1 0 1 1 1 0 0 0 0 1 1 0 7.312448501586914
0 0 1 0 1 0 0 0 1 1 0 0 1 1 1 1 0 1 0 0 0 0 0 0 0 1 1 0 1 1 1 0 1 1 1 0 0 0 1 1 1 0 7.302948951721191
0 1 0 0 0 1 0 0 0 1 0 0 0 1 0 0 0 1 0 0 1 1 0 0 0 0 0 0 1 0 0 0 1 0 1 1 0 0 0 0 0 0 3.7775275707244873
0 1 0 0 1 1 0 0 0 1 0 0 0 1 0 0 0 1 0 0 1 1 0 0 0 0 0 0 1 0 0 0 1 0 1 1 0 0 0 0 0 0 4.254508018493652
0 1 0 0 1 1 0 0 0 1 0 0 0 1 0 1 0 1 0 0 1 1 0 0 0 0 0 0 1 0 0 0 1 0 1 1 0 0 0 0 0 0 4.6653733253479
0 1 0 0 1 1 0 0 0 1 0 0 0 1 0 1 0 1 0 0 1 0 0 0 0 0 0 0 1 0 0 0 1 0 1 1 0 0 0 0 0 0 5.069166660308838
0 1 0 0 1 1 0 0 0 1 0 0 0 1 1 1 0 1 0 0 1 0 0 0 0 0 0 0 1 0 0 0 1 0 1 1 0 0 0 0 0 0 5.418837547302246
0 1 1 0 1 1 0 0 0 1 0 0 0 1 1 1 0 1 0 0 1 0 0 0 0 0 0 0 1 0 0 0 1 0 1 1 0 0 0 0 0 0 5.662692546844482
0 1 1 0 1 1 0 0 0 1 0 0 0 1 1 1 0 1 0 0 1 0 0 0 0 1 0 0 1 0 0 0 1 0 1 1 0 0 0 0 0 0 5.9356160163879395
0 1 1 0 1 1 0 0 0 1 0 0 0 1 1 1 0 1 0 0 1 0 0 0 0 1 1 0 1 0 0 0 1 0 1 1 0 0 0 0 0 0 6.157033443450928
0 1 1 0 1 1 0 0 0 1 0 0 0 1 1 1 0 1 0 0 1 0 0 0 0 1 1 0 1 1 0 0 1 0 1 1 0 0 0 0 0 0 6.3433027267456055
0 1 1 0 1 1 0 0 0 1 0 0 0 1 1 1 0 1 0 0 1 0 0 0 0 1 1 0 1 1 1 0 1 0 1 1 0 0 0 0 0 0 6.522459506988525
0 1 1 0 1 1 0 0 0 1 0 0 0 1 1 1 0 1 0 0 1 0 0 0 0 1 1 0 1 1 1 0 1 1 1 1 0 0 0 0 0 0 6.722006320953369
0 1 1 0 1 1 0 0 1 1 0 0 0 1 1 1 0 1 0 0 1 0 0 0 0 1 1 0 1 1 1 0 1 1 1 1 0 0 0 0 0 0 6.881213665008545
0 1 1 0 1 1 0 0 1 1 0 0 0 1 1 1 0 1 0 0 1 0 0 0 0 1 1 0 1 1 1 0 1 1 1 0 0 0 0 0 0 0 7.01011848449707
0 0 1 0 1 1 0 0 1 1 0 0 0 1 1 1 0 1 0 0 1 0 0 0 0 1 1 0 1 1 1 0 1 1 1 0 0 0 0 0 0 0 7.10700798034668
0 0 1 0 1 1 0 0 1 1 0 0 0 1 1 1 0 1 1 0 1 0 0 0 0 1 1 0 1 1 1 0 1 1 1 0 0 0 0 0 0 0 7.185844898223877
0 0 1 0 1 1 0 0 1 1 0 0 0 1 1 1 0 1 1 0 1 0 0 0 0 1 1 0 1 1 1 0 1 1 1 0 0 0 0 1 0 0 7.232396125793457
0 0 1 0 1 1 1 0 1 1 0 0 0 1 1 1 0 1 1 0 1 0 0 0 0 1 1 0 1 1 1 0 1 1 1 0 0 0 0 1 0 0 7.279548168182373
0 0 1 0 1 1 1 0 1 1 0 0 0 1 1 1 0 1 1 0 1 0 0 0 0 1 1 0 1 1 1 0 0 1 1 0 0 0 0 1 0 0 7.324999809265137
0 0 1 0 1 1 1 0 1 1 0 0 0 1 1 1 0 1 1 0 0 0 0 0 0 1 1 0 1 1 1 0 0 1 1 0 0 0 0 1 0 0 7.338583469390869
0 0 1 0 1 1 1 0 1 1 0 0 0 1 1 1 0 1 1 0 0 0 0 0 0 1 1 0 1 1 1 0 0 1 1 0 0 0 1 1 0 0 7.346484184265137
0 0 1 0 1 1 1 0 1 1 0 0 0 1 1 1 0 1 1 0 0 0 0 0 1 1 1 0 1 1 1 0 0 1 1 0 0 0 1 1 0 0 7.348084449768066
0 0 1 0 1 1 1 0 1 1 0 0 0 1 1 1 0 1 1 0 0 0 0 0 0 1 1 0 1 1 1 0 0 1 1 0 0 0 1 1 0 0 7.346484184265137
0 1 0 1 0 0 0 0 1 1 0 0 0 0 0 1 0 1 1 0 0 0 0 0 0 0 0 1 0 1 0 0 0 1 0 0 0 1 0 0 0 0 3.8997085094451904
0 1 0 1 0 0 0 0 1 1 0 0 0 0 0 1 0 1 1 0 0 0 0 0 0 0 0 1 0 1 0 0 0 1 0 0 0 0 0 0 0 0 4.482755184173584
0 1 0 1 1 0 0 0 1 1 0 0 0 0 0 1 0 1 1 0 0 0 0 0 0 0 0 1 0 1 0 0 0 1 0 0 0 0 0 0 0 0 5.041743755340576
0 1 0 1 1 0 0 0 1 1 0 0 0 0 0 1 0 1 1 0 0 0 0 0 0 1 0 1 0 1 0 0 0 1 0 0 0 0 0 0 0 0 5.476654529571533
0 1 0 1 1 0 0 0 1 1 0 0 0 0 0 1 0 1 1 0 0 0 0 0 0 1 0 1 0 1 1 0 0 1 0 0 0 0 0 0 0 0 5.853157043457031
0 1 0 1 1 0 0 0 1 1 0 0 0 0 0 1 0 1 1 0 0 0 0 0 0 1 1 1 0 1 1 0 0 1 0 0 0 0 0 0 0 0 6.188619136810303
0 1 0 1 1 0 0 0 1 1 0 0 0 0 0 1 0 1 1 0 0 0 0 0 0 1 1 1 0 1 1 0 0 1 1 0 0 0 0 0 0 0 6.462187767028809
0 1 1 1 1 0 0 0 1 1 0 0 0 0 0 1 0 1 1 0 0 0 0 0 0 1 1 1 0 1 1 0 0 1 1 0 0 0 0 0 0 0 6.6856689453125
0 1 1 1 1 0 0 0 1 1 0 0 0 0 1 1 0 1 1 0 0 0 0 0 0 1 1 1 0 1 1 0 0 1 1 0 0 0 0 0 0 0 6.845910549163818
0 1 1 1 1 0 0 0 1 1 0 0 0 0 1 1 0 1 1 0 0 0 0 0 0 1 1 1 0 1 1 0 0 1 1 0 0 0 0 1 0 0 6.955476760864258
0 1 1 0 1 0 0 0 1 1 0 0 0 0 1 1 0 1 1 0 0 0 0 0 0 1 1 1 0 1 1 0 0 1 1 0 0 0 0 1 0 0 7.081298828125
0 0 1 0 1 0 0 0 1 1 0 0 0 0 1 1 0 1 1 0 0 0 0 0 0 1 1 1 0 1 1 0 0 1 1 0 0 0 0 1 0 0 7.167214393615723
0 0 1 0 1 0 0 0 1 1 0 0 0 0 1 1 0 1 1 0 0 0 0 0 0 1 1 1 1 1 1 0 0 1 1 0 0 0 0 1 0 0 7.212371349334717
0 0 1 0 1 0 1 0 1 1 0 0 0 0 1 1 0 1 1 0 0 0 0 0 0 1 1 1 1 1 1 0 0 1 1 0 0 0 0 1 0 0 7.26007604598999
0 0 1 0 1 0 1 0 1 1 0 0 0 0 1 1 0 1 1 0 0 0 0 0 0 1 1 0 1 1 1 0 0 1 1 0 0 0 0 1 0 0 7.305946350097656
0 0 1 0 1 1 1 0 1 1 0 0 0 0 1 1 0 1 1 0 0 0 0 0 0 1 1 0 1 1 1 0 0 1 1 0 0 0 0 1 0 0 7.331790924072266
0 0 1 0 1 1 1 0 1 1 0 0 0 0 1 1 0 1 1 0 0 0 0 0 0 1 1 0 1 1 1 0 0 1 1 0 0 0 1 1 0 0 7.340425968170166
0 0 1 0 1 1 1 0 1 1 0 0 0 1 1 1 0 1 1 0 0 0 0 0 0 1 1 0 1 1 1 0 0 1 1 0 0 0 1 1 0 0 7.346484184265137
0 0 1 0 1 1 1 0 1 1 0 0 0 1 1 1 0 1 1 0 0 0 0 0 1 1 1 0 1 1 1 0 0 1 1 0 0 0 1 1 0 0 7.348084449768066
0 0 1 0 1 1 1 0 1 1 0 0 0 1 1 1 0 1 1 0 0 0 0 0 0 1 1 0 1 1 1 0 0 1 1 0 0 0 1 1 0 0 7.346484184265137
0 0 0 0 0 1 0 0 1 1 0 0 1 1 1 0 0 1 0 1 0 0 0 0 0 0 0 0 0 0 0 0 1 1 0 0 0 1 0 0 0 0 4.057469367980957
0 0 0 0 0 1 0 0 1 1 0 0 1 1 1 0 0 1 0 1 0 0 0 0 0 0 0 0 0 0 0 0 1 1 0 0 0 0 0 0 0 0 4.6195244789123535
0 0 0 0 0 1 0 0 1 1 0 0 1 1 1 1 0 1 0 1 0 0 0 0 0 0 0 0 0 0 0 0 1 1 0 0 0 0 0 0 0 0 5.224040985107422
0 0 0 0 1 1 0 0 1 1 0 0 1 1 1 1 0 1 0 1 0 0 0 0 0 0 0 0 0 0 0 0 1 1 0 0 0 0 0 0 0 0 5.5212907791137695
0 0 0 0 1 1 0 0 1 1 0 0 1 1 1 1 0 1 0 1 0 0 0 0 0 0 0 0 0 0 0 0 1 1 0 0 0 0 0 1 0 0 5.863790988922119
0 0 0 0 1 1 0 0 1 1 1 0 1 1 1 1 0 1 0 1 0 0 0 0 0 0 0 0 0 0 0 0 1 1 0 0 0 0 0 1 0 0 6.14811372756958
0 0 0 0 1 1 0 0 1 1 1 0 1 1 1 1 0 1 0 1 0 0 0 0 0 0 0 0 0 0 0 0 1 1 1 0 0 0 0 1 0 0 6.383482456207275
0 0 0 0 1 1 0 0 1 1 1 0 1 1 1 1 0 1 0 1 0 0 0 0 0 0 0 0 0 0 0 0 1 1 1 0 0 0 0 1 1 0 6.566443920135498
0 0 0 0 1 1 0 0 1 1 1 0 1 1 1 1 0 1 0 1 1 0 0 0 0 0 0 0 0 0 0 0 1 1 1 0 0 0 0 1 1 0 6.675309658050537
0 0 0 0 1 1 0 0 1 1 1 0 1 1 1 1 0 1 0 1 1 0 0 0 0 0 0 1 0 0 0 0 1 1 1 0 0 0 0 1 1 0 6.742018222808838
0 0 0 0 1 1 0 0 1 1 1 0 0 1 1 1 0 1 0 1 1 0 0 0 0 0 0 1 0 0 0 0 1 1 1 0 0 0 0 1 1 0 6.892251014709473
0 0 0 0 1 1 0 0 1 1 1 0 0 1 1 1 0 1 0 0 1 0 0 0 0 0 0 1 0 0 0 0 1 1 1 0 0 0 0 1 1 0 7.002750396728516
0 0 0 0 1 1 0 0 1 1 1 0 0 1 1 1 0 1 0 0 1 0 0 0 0 1 0 1 0 0 0 0 1 1 1 0 0 0 0 1 1 0 7.016049861907959
0 0 0 0 1 1 0 0 1 1 1 0 0 1 1 1 1 1 0 0 1 0 0 0 0 1 0 1 0 0 0 0 1 1 1 0 0 0 0 1 1 0 7.060110092163086
0 0 0 0 1 1 0 0 1 1 1 0 0 1 1 1 1 1 0 0 1 0 0 0 0 1 0 1 0 0 0 0 1 1 1 0 0 0 0 1 1 1 7.055240631103516
0 1 0 1 1 0 0 0 0 0 0 0 0 1 0 0 0 1 1 0 0 0 0 0 0 1 0 1 0 1 0 0 0 0 0 0 0 0 1 0 0 1 3.740868330001831
0 1 0 1 1 0 0 0 0 1 0 0 0 1 0 0 0 1 1 0 0 0 0 0 0 1 0 1 0 1 0 0 0 0 0 0 0 0 1 0 0 1 4.225976943969727
0 1 0 1 1 0 0 0 0 1 0 0 0 1 0 1 0 1 1 0 0 0 0 0 0 1 0 1 0 1 0 0 0 0 0 0 0 0 1 0 0 1 4.7180986404418945
0 1 0 1 1 0 0 0 0 1 0 0 0 1 0 1 0 1 1 0 0 0 0 0 0 1 0 1 0 1 0 0 0 0 0 0 0 0 1 0 0 0 5.103538990020752
0 1 1 1 1 0 0 0 0 1 0 0 0 1 0 1 0 1 1 0 0 0 0 0 0 1 0 1 0 1 0 0 0 0 0 0 0 0 1 0 0 0 5.471314907073975
0 1 1 1 1 0 0 0 0 1 0 0 0 1 0 1 0 1 1 0 0 0 0 0 0 1 1 1 0 1 0 0 0 0 0 0 0 0 1 0 0 0 5.78978967666626
0 1 1 1 1 0 0 0 0 1 0 0 0 1 0 1 0 1 1 0 0 0 0 0 0 1 1 1 0 1 0 0 0 0 1 0 0 0 1 0 0 0 6.058457374572754
0 1 1 1 1 0 0 0 0 1 0 0 0 1 0 1 0 1 1 0 0 0 0 0 0 1 1 1 0 1 1 0 0 0 1 0 0 0 1 0 0 0 6.26600456237793
0 1 1 1 1 0 0 0 0 1 0 0 0 1 0 1 0 1 1 0 0 0 0 0 0 1 1 1 0 1 1 0 0 1 1 0 0 0 1 0 0 0 6.51148796081543
0 1 1 1 1 0 0 0 1 1 0 0 0 1 0 1 0 1 1 0 0 0 0 0 0 1 1 1 0 1 1 0 0 1 1 0 0 0 1 0 0 0 6.676865100860596
0 1 1 1 1 0 0 0 1 1 0 0 0 1 1 1 0 1 1 0 0 0 0 0 0 1 1 1 0 1 1 0 0 1 1 0 0 0 1 0 0 0 6.8362603187561035
0 1 1 1 1 0 0 0 1 1 0 0 0 1 1 1 0 1 1 0 0 0 0 0 0 1 1 1 0 1 1 0 0 1 1 0 0 0 1 1 0 0 6.969391345977783
0 0 1 1 1 0 0 0 1 1 0 0 0 1 1 1 0 1 1 0 0 0 0 0 0 1 1 1 0 1 1 0 0 1 1 0 0 0 1 1 0 0 7.052234172821045
0 0 1 1 1 0 0 0 1 1 0 0 0 1 1 1 0 1 1 0 0 0 0 0 0 1 1 1 1 1 1 0 0 1 1 0 0 0 1 1 0 0 7.095848560333252
0 0 1 1 1 0 1 0 1 1 0 0 0 1 1 1 0 1 1 0 0 0 0 0 0 1 1 1 1 1 1 0 0 1 1 0 0 0 1 1 0 0 7.1406073570251465
0 0 1 0 1 0 1 0 1 1 0 0 0 1 1 1 0 1 1 0 0 0 0 0 0 1 1 1 1 1 1 0 0 1 1 0 0 0 1 1 0 0 7.270641803741455
0 0 1 0 1 1 1 0 1 1 0 0 0 1 1 1 0 1 1 0 0 0 0 0 0 1 1 1 1 1 1 0 0 1 1 0 0 0 1 1 0 0 7.294642448425293
0 0 1 0 1 1 1 0 1 1 0 0 0 1 1 1 0 1 1 0 0 0 0 0 0 1 1 0 1 1 1 0 0 1 1 0 0 0 1 1 0 0 7.346484184265137
0 0 1 0 1 1 1 0 1 1 0 0 0 1 1 1 0 1 1 0 0 0 0 0 1 1 1 0 1 1 1 0 0 1 1 0 0 0 1 1 0 0 7.348084449768066
0 0 1 0 1 1 1 0 1 1 0 0 0 1 1 1 0 1 1 0 0 0 0 0 0 1 1 0 1 1 1 0 0 1 1 0 0 0 1 1 0 0 7.346484184265137
0 1 0 0 1 1 0 0 1 0 0 0 0 1 1 0 0 1 1 0 0 0 0 0 0 0 0 0 0 1 0 0 0 1 0 0 0 1 0 0 0 0 3.9429287910461426
0 1 0 0 1 1 0 0 1 1 0 0 0 1 1 0 0 1 1 0 0 0 0 0 0 0 0 0 0 1 0 0 0 1 0 0 0 1 0 0 0 0 4.650340557098389
0 1 0 0 1 1 0 0 1 1 0 0 0 1 1 0 0 1 1 0 0 0 0 0 0 0 0 0 0 1 0 0 0 1 0 0 0 0 0 0 0 0 5.210803031921387
0 1 0 0 1 1 0 0 1 1 0 0 0 1 1 1 0 1 1 0 0 0 0 0 0 0 0 0 0 1 0 0 0 1 0 0 0 0 0 0 0 0 5.664474964141846
0 1 1 0 1 1 0 0 1 1 0 0 0 1 1 1 0 1 1 0 0 0 0 0 0 0 0 0 0 1 0 0 0 1 0 0 0 0 0 0 0 0 5.9925079345703125
0 1 1 0 1 1 0 0 1 1 0 0 0 1 1 1 0 1 1 0 0 0 0 0 0 0 1 0 0 1 0 0 0 1 0 0 0 0 0 0 0 0 6.341617584228516
0 1 1 0 1 1 0 0 1 1 0 0 0 1 1 1 0 1 1 0 0 0 0 0 0 1 1 0 0 1 0 0 0 1 0 0 0 0 0 0 0 0 6.620250225067139
0 1 1 0 1 1 0 0 1 1 0 0 0 1 1 1 0 1 1 0 0 0 0 0 0 1 1 0 0 1 0 0 0 1 1 0 0 0 0 0 0 0 6.8545355796813965
0 1 1 0 1 1 0 0 1 1 0 0 0 1 1 1 0 1 1 0 0 0 0 0 0 1 1 0 0 1 1 0 0 1 1 0 0 0 0 0 0 0 7.063143253326416
0 1 1 0 1 1 0 0 1 1 0 0 0 1 1 1 0 1 1 0 0 0 0 0 0 1 1 0 0 1 1 0 0 1 1 0 0 0 0 1 0 0 7.168028354644775
0 0 1 0 1 1 0 0 1 1 0 0 0 1 1 1 0 1 1 0 0 0 0 0 0 1 1 0 0 1 1 0 0 1 1 0 0 0 0 1 0 0 7.228914737701416
0 0 1 0 1 1 1 0 1 1 0 0 0 1 1 1 0 1 1 0 0 0 0 0 0 1 1 0 0 1 1 0 0 1 1 0 0 0 0 1 0 0 7.292839527130127
0 0 1 0 1 1 1 0 1 1 0 0 0 1 1 1 0 1 1 0 0 0 0 0 0 1 1 0 1 1 1 0 0 1 1 0 0 0 0 1 0 0 7.338583469390869
0 0 1 0 1 1 1 0 1 1 0 0 0 1 1 1 0 1 1 0 0 0 0 0 0 1 1 0 1 1 1 0 0 1 1 0 0 0 1 1 0 0 7.346484184265137
0 0 1 0 1 1 1 0 1 1 0 0 0 1 1 1 0 1 1 0 0 0 0 0 1 1 1 0 1 1 1 0 0 1 1 0 0 0 1 1 0 0 7.348084449768066
0 0 1 0 1 1 1 0 1 1 0 0 0 1 1 1 0 1 1 0 0 0 0 0 0 1 1 0 1 1 1 0 0 1 1 0 0 0 1 1 0 0 7.346484184265137
0 0 0 0 0 1 0 0 1 1 1 0 0 0 1 0 1 1 0 0 1 0 0 0 0 0 0 0 0 1 0 0 0 1 1 0 0 0 0 0 0 0 4.534879207611084
0 0 0 0 1 1 0 0 1 1 1 0 0 0 1 0 1 1 0 0 1 0 0 0 0 0 0 0 0 1 0 0 0 1 1 0 0 0 0 0 0 0 5.297952175140381
0 0 0 0 1 1 0 0 1 1 1 0 0 0 1 0 1 1 0 0 1 0 0 0 0 0 0 0 0 1 0 0 0 1 1 0 0 0 0 1 0 0 5.706864833831787
0 0 0 0 1 1 0 0 1 1 1 0 0 0 1 0 1 1 0 0 1 0 0 0 0 0 0 0 0 1 0 0 1 1 1 0 0 0 0 1 0 0 5.994678020477295
0 0 0 0 1 1 0 0 1 1 1 0 0 0 1 1 1 1 0 0 1 0 0 0 0 0 0 0 0 1 0 0 1 1 1 0 0 0 0 1 0 0 6.288407325744629
0 0 0 0 1 1 0 0 1 1 1 0 0 0 1 1 1 1 0 0 1 0 0 0 0 0 0 0 0 0 0 0 1 1 1 0 0 0 0 1 0 0 6.696227073669434
0 0 0 0 1 1 0 0 1 1 1 0 0 0 1 1 1 1 0 0 1 0 0 0 0 0 0 1 0 0 0 0 1 1 1 0 0 0 0 1 0 0 6.8426103591918945
0 0 0 0 1 1 0 0 1 1 1 0 0 0 1 1 1 1 0 0 1 0 0 0 0 1 0 1 0 0 0 0 1 1 1 0 0 0 0 1 0 0 6.931177139282227
0 0 0 0 1 1 0 0 1 1 1 0 0 0 1 1 1 1 0 0 1 0 0 0 0 1 0 1 0 0 0 0 1 1 1 0 0 0 0 1 1 0 7.015007495880127
0 0 0 0 1 1 0 0 1 1 1 0 0 0 1 1 1 1 0 0 1 0 0 0 0 1 0 1 0 0 0 0 1 1 1 0 0 0 1 1 1 0 7.072075843811035
0 0 0 0 1 1 0 0 1 1 1 0 0 0 1 1 1 1 0 0 1 0 0 0 0 0 0 1 0 0 0 0 1 1 1 0 0 0 1 1 1 0 7.057497978210449
0 0 0 1 1 0 0 0 0 0 0 1 0 0 0 0 0 1 1 1 0 0 0 0 0 0 1 0 1 1 0 0 0 0 0 0 0 0 1 0 0 1 3.5330750942230225
0 0 0 1 1 0 0 0 0 1 0 1 0 0 0 0 0 1 1 1 0 0 0 0 0 0 1 0 1 1 0 0 0 0 0 0 0 0 1 0 0 1 4.112795829772949
0 0 0 1 1 0 0 0 0 1 0 1 0 0 0 0 0 1 1 1 0 0 0 0 0 0 1 0 1 1 0 0 0 0 0 0 0 0 1 0 0 0 4.613864898681641
0 0 0 1 1 0 0 0 0 1 0 1 0 0 0 0 0 1 1 1 0 0 0 0 0 0 1 0 1 1 1 0 0 0 0 0 0 0 1 0 0 0 5.108986854553223
0 0 0 1 1 0 0 0 0 1 0 1 0 0 0 0 0 1 1 1 0 0 0 0 0 1 1 0 1 1 1 0 0 0 0 0 0 0 1 0 0 0 5.501821994781494
0 0 0 1 1 0 0 0 0 1 0 1 0 0 0 0 0 1 1 1 0 0 0 0 0 1 1 0 1 1 1 0 0 1 0 0 0 0 1 0 0 0 5.806835651397705
0 0 1 1 1 0 0 0 0 1 0 1 0 0 0 0 0 1 1 1 0 0 0 0 0 1 1 0 1 1 1 0 0 1 0 0 0 0 1 0 0 0 6.0447187423706055
0 0 1 1 1 0 0 0 0 1 0 1 0 0 0 0 0 1 1 1 0 0 0 0 0 1 1 0 1 1 1 0 0 1 1 0 0 0 1 0 0 0 6.310743808746338
0 0 1 1 1 0 0 0 1 1 0 1 0 0 0 0 0 1 1 1 0 0 0 0 0 1 1 0 1 1 1 0 0 1 1 0 0 0 1 0 0 0 6.477786064147949
0 0 1 1 1 0 0 0 1 1 0 0 0 0 0 0 0 1 1 1 0 0 0 0 0 1 1 0 1 1 1 0 0 1 1 0 0 0 1 0 0 0 6.643637180328369
0 0 1 1 1 0 0 0 1 1 0 0 0 0 1 0 0 1 1 1 0 0 0 0 0 1 1 0 1 1 1 0 0 1 1 0 0 0 1 0 0 0 6.801540374755859
0 0 1 1 1 0 0 0 1 1 0 0 0 0 1 1 0 1 1 1 0 0 0 0 0 1 1 0 1 1 1 0 0 1 1 0 0 0 1 0 0 0 6.986538410186768
0 0 1 1 1 0 0 0 1 1 0 0 0 0 1 1 0 1 1 1 0 0 0 0 0 1 1 0 1 1 1 0 0 1 1 0 0 0 0 0 0 0 7.055547714233398
0 0 1 1 1 0 0 0 1 1 0 0 0 1 1 1 0 1 1 1 0 0 0 0 0 1 1 0 1 1 1 0 0 1 1 0 0 0 0 0 0 0 7.155139446258545
0 0 1 1 1 0 0 0 1 1 0 0 0 1 1 1 0 1 1 1 0 0 0 0 0 1 1 0 1 1 1 0 0 1 1 0 0 0 0 1 0 0 7.174087047576904
0 0 1 1 1 0 0 0 1 1 0 0 0 1 1 1 0 1 1 0 0 0 0 0 0 1 1 0 1 1 1 0 0 1 1 0 0 0 0 1 0 0 7.184267520904541
0 0 1 1 1 1 0 0 1 1 0 0 0 1 1 1 0 1 1 0 0 0 0 0 0 1 1 0 1 1 1 0 0 1 1 0 0 0 0 1 0 0 7.191257476806641
0 0 1 0 1 1 0 0 1 1 0 0 0 1 1 1 0 1 1 0 0 0 0 0 0 1 1 0 1 1 1 0 0 1 1 0 0 0 0 1 0 0 7.291679859161377
0 0 1 0 1 1 1 0 1 1 0 0 0 1 1 1 0 1 1 0 0 0 0 0 0 1 1 0 1 1 1 0 0 1 1 0 0 0 0 1 0 0 7.338583469390869
0 0 1 0 1 1 1 0 1 1 0 0 0 1 1 1 0 1 1 0 0 0 0 0 0 1 1 0 1 1 1 0 0 1 1 0 0 0 1 1 0 0 7.346484184265137
0 0 1 0 1 1 1 0 1 1 0 0 0 1 1 1 0 1 1 0 0 0 0 0 1 1 1 0 1 1 1 0 0 1 1 0 0 0 1 1 0 0 7.348084449768066
0 0 1 0 1 1 1 0 1 1 0 0 0 1 1 1 0 1 1 0 0 0 0 0 0 1 1 0 1 1 1 0 0 1 1 0 0 0 1 1 0 0 7.346484184265137
