0 0 1 0 1 1 0 0 1 1 0 0 0 1 1 1 0 0 0 0 0 0 0 0 0 0 0 0 0 1 0 0 0 1 1 0 0 0 0 0 0 0 4.69502067565918
0 0 1 0 1 1 0 0 1 1 0 0 0 1 1 1 0 1 0 0 0 0 0 0 0 0 0 0 0 1 0 0 0 1 1 0 0 0 0 0 0 0 5.076167106628418
0 0 1 0 1 1 0 0 1 1 0 0 0 1 1 1 0 1 1 0 0 0 0 0 0 0 0 0 0 1 0 0 0 1 1 0 0 0 0 0 0 0 5.281368255615234
0 0 1 0 1 1 0 0 1 1 0 0 0 1 1 1 0 1 1 0 0 0 0 0 0 0 1 0 0 1 0 0 0 1 1 0 0 0 0 0 0 0 5.437755107879639
0 0 1 0 1 1 0 0 1 1 0 0 0 1 1 1 0 1 1 0 0 0 0 0 0 0 1 0 0 1 1 0 0 1 1 0 0 0 0 0 0 0 5.74540376663208
0 0 1 0 1 1 0 0 1 1 0 0 0 0 1 1 0 1 1 0 0 0 0 0 0 0 1 0 0 1 1 0 0 1 1 0 0 0 0 0 0 0 5.861985683441162
0 0 1 0 1 1 0 0 1 1 0 0 0 0 1 1 0 1 1 0 1 0 0 0 0 0 1 0 0 1 1 0 0 1 1 0 0 0 0 0 0 0 5.968470573425293
0 0 1 0 1 1 0 0 1 1 0 0 0 0 1 0 0 1 1 0 1 0 0 0 0 0 1 0 0 1 1 0 0 1 1 0 0 0 0 0 0 0 6.065019130706787
0 0 1 0 1 1 0 0 1 1 0 0 0 0 1 0 0 1 1 0 1 0 0 0 0 0 1 0 0 1 1 0 0 1 1 0 0 0 0 1 0 0 6.331720352172852
0 0 1 0 1 1 0 0 1 1 0 0 0 0 1 0 0 1 1 0 1 0 0 1 0 0 1 0 0 1 1 0 0 1 1 0 0 0 0 1 0 0 6.420533180236816
0 0 1 0 1 1 0 0 1 1 0 0 0 0 1 0 0 1 1 0 1 0 0 1 0 0 1 0 0 1 1 0 0 1 1 1 0 0 0 1 0 0 6.500321865081787
0 0 1 0 1 1 0 0 1 1 0 1 0 0 1 0 0 1 1 0 1 0 0 1 0 0 1 0 0 1 1 0 0 1 1 1 0 0 0 1 0 0 6.527820110321045
0 0 1 0 1 1 0 0 1 1 0 1 0 0 0 0 0 1 1 0 1 0 0 1 0 0 1 0 0 1 1 0 0 1 1 1 0 0 0 1 0 0 6.550678253173828
0 0 1 0 1 1 0 0 1 1 0 1 0 0 1 0 0 1 1 0 1 0 0 1 0 0 1 0 0 1 1 0 0 1 1 1 0 0 0 1 0 0 6.527820110321045
0 0 1 0 1 0 0 0 0 1 1 0 0 0 0 1 0 1 1 0 0 0 0 0 0 1 0 0 0 1 0 0 0 1 0 0 0 0 0 0 0 1 4.386516571044922
0 0 1 0 1 0 0 0 0 1 0 0 0 0 0 1 0 1 1 0 0 0 0 0 0 1 0 0 0 1 0 0 0 1 0 0 0 0 0 0 0 1 4.771243572235107
0 0 1 0 1 0 0 0 0 1 0 0 0 0 0 1 0 1 1 0 0 0 0 0 0 1 0 0 0 1 0 0 0 1 0 0 0 0 0 0 0 0 5.053562641143799
0 0 1 0 1 0 0 0 0 1 0 0 0 0 1 1 0 1 1 0 0 0 0 0 0 1 0 0 0 1 0 0 0 1 0 0 0 0 0 0 0 0 5.311729907989502
0 0 1 0 1 0 0 0 0 1 0 0 0 0 1 1 0 1 1 0 0 0 0 0 0 1 0 0 0 1 1 0 0 1 0 0 0 0 0 0 0 0 5.514845371246338
0 0 1 0 1 0 0 0 0 1 0 0 0 0 1 1 0 1 1 0 0 0 0 0 0 1 1 0 0 1 1 0 0 1 0 0 0 0 0 0 0 0 5.847663402557373
0 0 1 0 1 0 0 0 0 1 0 0 0 0 1 0 0 1 1 0 0 0 0 0 0 1 1 0 0 1 1 0 0 1 0 0 0 0 0 0 0 0 5.997165679931641
0 0 1 0 1 0 0 0 0 1 0 0 0 0 1 0 0 1 1 0 0 0 0 0 0 1 1 0 0 1 1 0 0 1 1 0 0 0 0 0 0 0 6.166578769683838
0 0 1 0 1 0 0 0 0 1 0 0 0 0 1 0 0 1 1 0 0 0 0 0 0 1 1 0 0 0 1 0 0 1 1 0 0 0 0 0 0 0 6.2584052085876465
0 0 1 0 1 0 0 0 0 1 0 0 0 0 1 0 0 1 1 0 1 0 0 0 0 1 1 0 0 0 1 0 0 1 1 0 0 0 0 0 0 0 6.302093029022217
0 0 1 1 1 0 0 0 0 1 0 0 0 0 1 0 0 1 1 0 1 0 0 0 0 1 1 0 0 0 1 0 0 1 1 0 0 0 0 0 0 0 6.388554096221924
0 0 1 1 1 0 0 0 0 1 0 1 0 0 1 0 0 1 1 0 1 0 0 0 0 1 1 0 0 0 1 0 0 1 1 0 0 0 0 0 0 0 6.478216171264648
0 0 1 1 1 0 0 0 0 1 0 1 0 0 1 0 0 1 1 0 1 0 0 0 1 1 1 0 0 0 1 0 0 1 1 0 0 0 0 0 0 0 6.511287689208984
0 0 1 1 1 0 0 0 0 1 0 1 0 0 1 0 0 1 1 0 1 0 0 0 1 1 1 0 0 0 1 0 0 1 1 1 0 0 0 0 0 0 6.498219013214111
0 0 0 0 0 1 0 0 1 0 0 0 0 0 0 0 1 1 0 0 1 1 0 0 0 0 0 0 0 0 1 0 0 0 0 1 0 0 0 1 0 0 4.218203544616699
0 0 0 0 0 1 1 0 1 0 0 0 0 0 0 0 1 1 0 0 1 1 0 0 0 0 0 0 0 0 1 0 0 0 0 1 0 0 0 1 0 0 4.7609052658081055
0 0 0 0 0 1 1 0 1 0 0 0 0 0 0 0 1 1 0 0 1 1 0 1 0 0 0 0 0 0 1 0 0 0 0 1 0 0 0 1 0 0 5.127890586853027
0 0 0 0 0 1 1 1 1 0 0 0 0 0 0 0 1 1 0 0 1 1 0 1 0 0 0 0 0 0 1 0 0 0 0 1 0 0 0 1 0 0 5.356910705566406
0 0 0 0 0 1 1 1 1 0 0 0 0 0 0 0 1 1 0 0 1 1 1 1 0 0 0 0 0 0 1 0 0 0 0 1 0 0 0 1 0 0 5.548642635345459
0 0 0 0 0 1 1 1 1 0 0 0 0 0 0 0 1 1 0 0 1 0 1 1 0 0 0 0 0 0 1 0 0 0 0 1 0 0 0 1 0 0 5.65276575088501
0 0 0 0 0 1 1 1 1 0 0 0 0 0 0 0 1 1 0 0 1 0 1 1 0 0 0 0 0 0 1 0 0 1 0 1 0 0 0 1 0 0 5.906213283538818
0 0 0 0 0 1 1 1 1 1 0 0 0 0 0 0 1 1 0 0 1 0 1 1 0 0 0 0 0 0 1 0 0 1 0 1 0 0 0 1 0 0 6.013423919677734
0 0 0 0 0 1 1 1 1 1 0 0 0 0 0 1 1 1 0 0 1 0 1 1 0 0 0 0 0 0 1 0 0 1 0 1 0 0 0 1 0 0 6.0873565673828125
0 0 0 0 0 1 1 1 1 1 0 0 0 0 0 1 1 1 1 0 1 0 1 1 0 0 0 0 0 0 1 0 0 1 0 1 0 0 0 1 0 0 6.245306015014648
0 0 0 0 0 1 1 1 1 1 0 0 0 0 0 1 1 1 1 0 1 0 1 1 0 0 0 0 0 0 1 0 0 1 0 0 0 0 0 1 0 0 6.256472587585449
0 0 0 0 0 1 1 1 1 1 0 0 0 0 0 1 1 1 1 0 1 0 1 1 0 0 0 0 0 0 1 0 0 1 0 1 0 0 0 1 0 0 6.245306015014648
0 0 0 0 1 0 0 0 0 0 0 0 0 0 1 1 0 1 1 1 0 0 0 0 0 1 1 0 0 1 0 1 0 0 0 0 0 0 0 0 0 1 4.293355464935303
0 0 0 0 1 0 0 0 0 0 0 0 0 0 1 1 0 1 1 1 0 0 0 0 0 1 1 0 0 1 1 1 0 0 0 0 0 0 0 0 0 1 4.6241960525512695
0 0 0 0 1 0 0 0 0 1 0 0 0 0 1 1 0 1 1 1 0 0 0 0 0 1 1 0 0 1 1 1 0 0 0 0 0 0 0 0 0 1 4.929646968841553
0 0 1 0 1 0 0 0 0 1 0 0 0 0 1 1 0 1 1 1 0 0 0 0 0 1 1 0 0 1 1 1 0 0 0 0 0 0 0 0 0 1 5.242476463317871
0 0 1 0 1 0 0 0 0 1 0 0 0 0 1 1 0 1 1 1 0 0 0 0 0 1 1 0 0 1 1 1 0 0 0 0 0 0 0 0 0 0 5.404508113861084
0 0 1 0 1 0 0 0 0 1 0 0 0 0 1 1 0 1 1 1 0 0 0 0 0 1 1 0 0 1 1 0 0 0 0 0 0 0 0 0 0 0 5.603494644165039
0 0 1 0 1 0 0 0 0 1 0 0 0 0 1 1 0 1 1 1 0 0 0 0 0 1 1 0 0 1 1 0 0 1 0 0 0 0 0 0 0 0 5.850535869598389
0 0 1 0 1 0 0 0 0 1 0 0 0 0 1 1 0 1 1 1 0 0 0 0 0 1 1 0 0 1 1 0 0 1 1 0 0 0 0 0 0 0 5.962627410888672
0 0 1 0 1 0 0 0 0 1 0 0 0 0 1 1 0 1 1 1 0 0 0 0 0 1 1 0 0 0 1 0 0 1 1 0 0 0 0 0 0 0 6.132376194000244
0 0 1 0 1 0 0 0 0 1 0 0 0 0 1 0 0 1 1 1 0 0 0 0 0 1 1 0 0 0 1 0 0 1 1 0 0 0 0 0 0 0 6.18717622756958
0 0 1 0 1 0 0 0 0 1 0 0 0 0 1 0 0 1 1 1 1 0 0 0 0 1 1 0 0 0 1 0 0 1 1 0 0 0 0 0 0 0 6.296024799346924
0 0 1 0 1 0 0 0 0 1 0 0 0 0 1 0 0 1 1 1 1 0 0 0 1 1 1 0 0 0 1 0 0 1 1 0 0 0 0 0 0 0 6.323200225830078
0 0 1 1 1 0 0 0 0 1 0 0 0 0 1 0 0 1 1 1 1 0 0 0 1 1 1 0 0 0 1 0 0 1 1 0 0 0 0 0 0 0 6.3503875732421875
0 0 1 1 1 0 0 0 0 1 0 0 0 0 1 0 0 1 1 1 1 0 0 0 1 1 1 0 1 0 1 0 0 1 1 0 0 0 0 0 0 0 6.4732136726379395
0 0 1 1 1 0 0 0 0 1 0 1 0 0 1 0 0 1 1 1 1 0 0 0 1 1 1 0 1 0 1 0 0 1 1 0 0 0 0 0 0 0 6.483983993530273
0 0 1 1 1 0 0 0 0 1 0 1 0 0 1 0 0 1 1 1 1 0 1 0 1 1 1 0 1 0 1 0 0 1 1 0 0 0 0 0 0 0 6.502561092376709
0 0 1 1 1 0 0 0 0 1 0 1 0 0 1 0 0 1 1 1 1 0 1 0 1 1 1 0 1 0 1 0 0 1 1 0 0 0 0 1 0 0 6.484035491943359
0 0 0 0 0 1 0 0 1 1 0 0 0 1 0 0 1 1 0 0 1 0 0 0 1 0 0 0 0 1 0 0 0 0 1 0 0 0 0 1 0 0 4.536469459533691
0 0 0 0 0 1 0 0 1 1 0 0 0 0 0 0 1 1 0 0 1 0 0 0 1 0 0 0 0 1 0 0 0 0 1 0 0 0 0 1 0 0 4.812575340270996
0 0 0 0 0 1 0 0 1 1 0 0 0 0 0 0 1 1 0 0 1 0 0 0 1 0 0 0 0 1 0 0 0 1 1 0 0 0 0 1 0 0 5.422180652618408
0 0 0 0 0 1 0 0 1 1 0 0 0 0 0 0 1 1 0 0 1 0 0 1 1 0 0 0 0 1 0 0 0 1 1 0 0 0 0 1 0 0 5.579358100891113
0 0 0 0 0 1 0 0 1 1 0 0 0 0 0 0 1 1 0 0 1 0 0 1 1 0 0 0 0 0 0 0 0 1 1 0 0 0 0 1 0 0 5.775206565856934
0 0 0 0 0 1 0 0 1 1 0 0 0 0 1 0 1 1 0 0 1 0 0 1 1 0 0 0 0 0 0 0 0 1 1 0 0 0 0 1 0 0 5.882211208343506
0 0 0 0 0 1 0 1 1 1 0 0 0 0 1 0 1 1 0 0 1 0 0 1 1 0 0 0 0 0 0 0 0 1 1 0 0 0 0 1 0 0 6.018518447875977
0 0 0 0 0 1 0 1 1 1 0 0 0 0 1 0 1 1 0 0 1 0 0 1 1 0 0 0 0 0 0 0 0 1 1 1 0 0 0 1 0 0 6.018291473388672
0 1 0 0 1 1 0 0 1 1 0 0 0 1 1 1 0 0 0 0 0 0 0 0 0 0 0 0 0 1 0 0 0 1 1 0 0 0 0 0 0 0 4.3997650146484375
0 1 0 0 1 1 0 0 1 1 0 0 0 1 1 1 0 1 0 0 0 0 0 0 0 0 0 0 0 1 0 0 0 1 1 0 0 0 0 0 0 0 4.7041168212890625
0 1 1 0 1 1 0 0 1 1 0 0 0 1 1 1 0 1 0 0 0 0 0 0 0 0 0 0 0 1 0 0 0 1 1 0 0 0 0 0 0 0 5.016622066497803
0 1 1 0 1 1 0 0 1 1 0 0 0 1 1 1 0 1 1 0 0 0 0 0 0 0 0 0 0 1 0 0 0 1 1 0 0 0 0 0 0 0 5.186392784118652
0 1 1 0 1 1 0 0 1 1 0 0 0 1 1 1 0 1 1 0 0 0 0 0 0 0 1 0 0 1 0 0 0 1 1 0 0 0 0 0 0 0 5.3646368980407715
0 1 1 0 1 1 0 0 1 1 0 0 0 1 1 1 0 1 1 0 0 0 0 0 0 0 1 0 0 1 1 0 0 1 1 0 0 0 0 0 0 0 5.485597133636475
0 0 1 0 1 1 0 0 1 1 0 0 0 1 1 1 0 1 1 0 0 0 0 0 0 0 1 0 0 1 1 0 0 1 1 0 0 0 0 0 0 0 5.74540376663208
0 0 1 0 1 1 0 0 1 1 0 0 0 0 1 1 0 1 1 0 0 0 0 0 0 0 1 0 0 1 1 0 0 1 1 0 0 0 0 0 0 0 5.861985683441162
0 0 1 0 1 1 0 0 1 1 0 0 0 0 1 1 0 1 1 0 1 0 0 0 0 0 1 0 0 1 1 0 0 1 1 0 0 0 0 0 0 0 5.968470573425293
0 0 1 0 1 1 0 0 1 1 0 0 0 0 1 0 0 1 1 0 1 0 0 0 0 0 1 0 0 1 1 0 0 1 1 0 0 0 0 0 0 0 6.065019130706787
0 0 1 0 1 1 0 0 1 1 0 0 0 0 1 0 0 1 1 0 1 0 0 0 0 0 1 0 0 1 1 0 0 1 1 0 0 0 0 1 0 0 6.331720352172852
0 0 1 0 1 1 0 0 1 1 0 0 0 0 1 0 0 1 1 0 1 0 0 1 0 0 1 0 0 1 1 0 0 1 1 0 0 0 0 1 0 0 6.420533180236816
0 0 1 0 1 1 0 0 1 1 0 0 0 0 1 0 0 1 1 0 1 0 0 1 0 0 1 0 0 1 1 0 0 1 1 1 0 0 0 1 0 0 6.500321865081787
0 0 1 0 1 1 0 0 1 1 0 1 0 0 1 0 0 1 1 0 1 0 0 1 0 0 1 0 0 1 1 0 0 1 1 1 0 0 0 1 0 0 6.527820110321045
0 0 1 0 1 1 0 0 1 1 0 1 0 0 0 0 0 1 1 0 1 0 0 1 0 0 1 0 0 1 1 0 0 1 1 1 0 0 0 1 0 0 6.550678253173828
0 0 1 0 1 1 0 0 1 1 0 1 0 0 1 0 0 1 1 0 1 0 0 1 0 0 1 0 0 1 1 0 0 1 1 1 0 0 0 1 0 0 6.527820110321045
0 1 0 1 1 0 0 0 0 1 1 0 0 0 0 1 0 1 0 0 0 0 0 0 0 0 0 0 1 1 0 0 0 1 1 0 0 0 0 0 0 0 5.128551959991455
0 0 0 1 1 0 0 0 0 1 1 0 0 0 0 1 0 1 0 0 0 0 0 0 0 0 0 0 1 1 0 0 0 1 1 0 0 0 0 0 0 0 5.347083568572998
0 0 0 1 1 0 0 0 0 1 1 0 0 0 0 1 0 1 0 0 0 0 0 0 0 0 0 0 1 1 0 0 0 1 1 0 0 0 0 1 0 0 5.508862495422363
0 0 0 1 1 0 0 0 0 1 1 0 0 0 1 1 0 1 0 0 0 0 0 0 0 0 0 0 1 1 0 0 0 1 1 0 0 0 0 1 0 0 5.6422624588012695
0 0 0 1 1 0 0 0 0 1 1 0 0 0 1 1 0 1 0 0 0 0 0 0 1 0 0 0 1 1 0 0 0 1 1 0 0 0 0 1 0 0 5.7817840576171875
0 0 1 1 1 0 0 0 0 1 1 0 0 0 1 1 0 1 0 0 0 0 0 0 1 0 0 0 1 1 0 0 0 1 1 0 0 0 0 1 0 0 5.8516058921813965
0 0 1 1 1 0 0 0 0 1 0 0 0 0 1 1 0 1 0 0 0 0 0 0 1 0 0 0 1 1 0 0 0 1 1 0 0 0 0 1 0 0 5.868165493011475
0 0 1 1 1 0 0 0 0 1 0 0 0 0 1 1 0 1 1 0 0 0 0 0 1 0 0 0 1 1 0 0 0 1 1 0 0 0 0 1 0 0 5.999549388885498
0 0 1 1 1 0 0 0 0 1 0 0 0 0 1 1 0 1 1 0 0 0 0 0 1 1 0 0 1 1 0 0 0 1 1 0 0 0 0 1 0 0 6.091529846191406
0 0 1 1 1 0 0 0 0 1 0 0 0 0 1 1 0 1 1 0 0 0 0 0 1 1 0 0 1 1 1 0 0 1 1 0 0 0 0 1 0 0 6.106746673583984
0 0 1 1 1 0 0 0 0 1 0 0 0 0 1 1 0 1 1 0 0 0 0 0 1 1 0 0 1 1 1 0 1 1 1 0 0 0 0 1 0 0 6.244090557098389
0 0 1 1 1 0 0 0 0 1 0 0 0 0 1 1 0 1 1 0 0 0 0 0 0 1 0 0 1 1 1 0 1 1 1 0 0 0 0 1 0 0 6.293281078338623
0 0 1 1 1 0 0 0 0 1 0 0 0 0 1 1 0 1 1 0 0 0 0 0 0 1 0 0 1 0 1 0 1 1 1 0 0 0 0 1 0 0 6.314604759216309
0 0 1 1 1 0 0 0 0 1 0 0 0 0 1 1 0 1 1 0 0 0 0 0 0 1 0 0 1 1 1 0 1 1 1 0 0 0 0 1 0 0 6.293281078338623
0 0 0 0 0 1 0 0 1 0 0 0 0 0 0 1 1 1 1 0 0 0 0 0 0 0 1 0 0 0 0 0 0 1 1 0 0 0 0 0 0 0 4.005840301513672
0 0 0 0 0 1 0 0 1 0 0 0 0 0 0 1 1 1 1 0 1 0 0 0 0 0 1 0 0 0 0 0 0 1 1 0 0 0 0 0 0 0 4.478773593902588
0 0 0 0 0 1 0 0 1 0 0 0 0 0 0 1 1 1 1 0 1 0 0 1 0 0 1 0 0 0 0 0 0 1 1 0 0 0 0 0 0 0 4.905140399932861
0 0 0 0 0 1 0 0 1 0 0 0 0 0 0 1 1 1 1 0 1 0 0 1 0 0 1 0 0 0 1 0 0 1 1 0 0 0 0 0 0 0 5.279410362243652
0 0 0 0 0 1 0 0 1 0 0 0 0 0 0 0 1 1 1 0 1 0 0 1 0 0 1 0 0 0 1 0 0 1 1 0 0 0 0 0 0 0 5.541083335876465
0 0 0 0 1 1 0 0 1 0 0 0 0 0 0 0 1 1 1 0 1 0 0 1 0 0 1 0 0 0 1 0 0 1 1 0 0 0 0 0 0 0 5.7833452224731445
0 0 0 0 1 1 0 0 1 0 0 0 0 0 0 0 1 1 1 0 1 0 0 1 0 0 1 0 0 0 1 0 0 1 1 0 0 0 0 1 0 0 6.025158405303955
0 0 1 0 1 1 0 0 1 0 0 0 0 0 0 0 1 1 1 0 1 0 0 1 0 0 1 0 0 0 1 0 0 1 1 0 0 0 0 1 0 0 6.164986610412598
0 0 1 0 1 1 0 0 1 0 0 0 0 0 0 0 0 1 1 0 1 0 0 1 0 0 1 0 0 0 1 0 0 1 1 0 0 0 0 1 0 0 6.350182056427002
0 0 1 0 1 1 0 0 1 1 0 0 0 0 0 0 0 1 1 0 1 0 0 1 0 0 1 0 0 0 1 0 0 1 1 0 0 0 0 1 0 0 6.443416595458984
0 0 1 0 1 1 0 0 1 1 0 0 0 0 0 0 0 1 1 0 1 0 0 1 0 0 1 0 0 0 1 0 0 1 1 1 0 0 0 1 0 0 6.444146156311035
0 0 1 0 1 1 0 0 1 1 0 0 0 0 1 0 0 1 1 0 1 0 0 1 0 0 1 0 0 0 1 0 0 1 1 1 0 0 0 1 0 0 6.513064384460449
0 0 1 0 1 1 0 0 1 1 0 0 0 0 1 0 0 1 1 0 1 0 0 1 0 0 1 0 0 1 1 0 0 1 1 1 0 0 0 1 0 0 6.500321865081787
0 1 0 0 1 0 0 0 0 1 1 0 0 0 0 1 0 1 1 0 0 0 0 0 0 1 0 0 0 1 0 0 0 1 0 0 0 0 0 0 0 1 4.155083179473877
0 1 0 0 1 0 0 0 0 1 0 0 0 0 0 1 0 1 1 0 0 0 0 0 0 1 0 0 0 1 0 0 0 1 0 0 0 0 0 0 0 1 4.571712493896484
0 1 0 1 1 0 0 0 0 1 0 0 0 0 0 1 0 1 1 0 0 0 0 0 0 1 0 0 0 1 0 0 0 1 0 0 0 0 0 0 0 1 4.808720588684082
0 1 0 1 1 0 0 0 0 1 0 0 0 0 1 1 0 1 1 0 0 0 0 0 0 1 0 0 0 1 0 0 0 1 0 0 0 0 0 0 0 1 4.982487201690674
0 1 0 1 1 0 0 0 0 1 0 0 0 0 1 1 0 1 1 0 0 0 0 0 0 1 0 0 0 1 1 0 0 1 0 0 0 0 0 0 0 1 5.1678900718688965
0 1 0 1 1 0 0 0 0 1 0 0 0 0 1 1 0 1 1 0 0 0 0 0 0 1 0 0 0 1 1 0 0 1 0 0 0 0 0 0 0 0 5.403700351715088
0 0 0 1 1 0 0 0 0 1 0 0 0 0 1 1 0 1 1 0 0 0 0 0 0 1 0 0 0 1 1 0 0 1 0 0 0 0 0 0 0 0 5.642375946044922
0 0 0 1 1 0 0 0 0 1 0 0 0 0 1 1 0 1 1 0 0 0 0 0 0 1 0 0 0 1 1 0 0 1 0 0 0 0 0 1 0 0 5.78203821182251
0 0 0 1 1 0 0 0 0 1 0 0 0 0 1 1 0 1 1 0 0 0 0 0 0 1 1 0 0 1 1 0 0 1 0 0 0 0 0 1 0 0 5.9044599533081055
0 0 1 1 1 0 0 0 0 1 0 0 0 0 1 1 0 1 1 0 0 0 0 0 0 1 1 0 0 1 1 0 0 1 0 0 0 0 0 1 0 0 5.987478733062744
0 0 1 1 1 0 0 0 0 1 0 0 0 0 1 1 0 1 1 0 0 0 0 0 0 1 1 0 0 1 1 0 0 1 1 0 0 0 0 1 0 0 6.130928039550781
0 0 1 1 1 0 0 0 0 1 0 0 0 0 1 1 0 1 1 0 0 0 0 0 0 1 1 0 1 1 1 0 0 1 1 0 0 0 0 1 0 0 6.284886360168457
0 0 1 1 1 0 0 0 0 1 0 0 0 0 1 0 0 1 1 0 0 0 0 0 0 1 1 0 1 1 1 0 0 1 1 0 0 0 0 1 0 0 6.324292182922363
0 0 1 1 1 0 0 0 0 1 0 0 0 0 1 0 0 1 1 0 0 0 0 0 0 1 1 0 1 0 1 0 0 1 1 0 0 0 0 1 0 0 6.397463798522949
0 0 1 1 1 0 0 0 0 1 0 0 0 0 1 0 0 1 1 0 1 0 0 0 0 1 1 0 1 0 1 0 0 1 1 0 0 0 0 1 0 0 6.42559289932251
0 0 1 1 1 0 0 0 0 1 0 0 0 0 1 0 0 1 1 0 1 0 0 0 0 1 1 0 1 0 1 0 0 1 1 0 0 0 0 0 0 0 6.463221549987793
0 0 1 1 1 0 0 0 0 1 0 0 0 0 1 0 0 1 1 0 1 0 0 0 1 1 1 0 1 0 1 0 0 1 1 0 0 0 0 0 0 0 6.477949619293213
0 0 1 1 1 0 0 0 0 1 0 0 0 0 1 0 0 1 1 0 1 0 1 0 1 1 1 0 1 0 1 0 0 1 1 0 0 0 0 0 0 0 6.475597858428955
0 1 0 1 1 1 0 0 0 1 0 0 0 0 0 1 0 1 0 0 0 1 0 0 0 0 0 0 0 0 0 0 1 0 1 0 0 1 0 0 0 0 3.5783133506774902
0 1 0 1 1 1 0 0 0 1 0 0 0 0 0 1 0 1 0 0 0 0 0 0 0 0 0 0 0 0 0 0 1 0 1 0 0 1 0 0 0 0 4.136020183563232
0 1 0 1 1 1 0 0 0 1 0 0 0 0 0 1 0 1 0 0 0 0 0 0 0 0 0 0 0 0 0 0 1 0 1 0 0 0 0 0 0 0 4.5877299308776855
0 1 0 1 1 1 0 0 0 1 0 0 0 0 0 1 0 1 0 0 0 0 0 0 0 0 0 0 1 0 0 0 1 0 1 0 0 0 0 0 0 0 4.873618125915527
0 0 0 1 1 1 0 0 0 1 0 0 0 0 0 1 0 1 0 0 0 0 0 0 0 0 0 0 1 0 0 0 1 0 1 0 0 0 0 0 0 0 5.093052387237549
0 0 0 1 1 0 0 0 0 1 0 0 0 0 0 1 0 1 0 0 0 0 0 0 0 0 0 0 1 0 0 0 1 0 1 0 0 0 0 0 0 0 5.299316883087158
0 0 0 1 1 0 0 0 0 1 0 0 0 0 0 1 0 1 0 0 0 0 0 0 0 0 0 0 1 0 0 0 1 0 1 0 0 0 0 1 0 0 5.461524486541748
0 0 0 1 1 0 0 0 0 1 0 0 0 0 0 1 0 1 0 0 0 0 0 0 0 1 0 0 1 0 0 0 1 0 1 0 0 0 0 1 0 0 5.637293815612793
0 0 0 0 1 0 0 0 0 1 0 0 0 0 0 1 0 1 0 0 0 0 0 0 0 1 0 0 1 0 0 0 1 0 1 0 0 0 0 1 0 0 5.899467945098877
0 0 0 0 1 0 0 0 0 1 0 0 0 0 1 1 0 1 0 0 0 0 0 0 0 1 0 0 1 0 0 0 1 0 1 0 0 0 0 1 0 0 6.095043659210205
0 0 0 0 1 0 0 0 1 1 0 0 0 0 1 1 0 1 0 0 0 0 0 0 0 1 0 0 1 0 0 0 1 0 1 0 0 0 0 1 0 0 6.327057361602783
0 0 0 0 1 0 0 0 1 1 0 0 0 0 1 1 0 1 0 0 0 0 0 0 0 1 0 1 1 0 0 0 1 0 1 0 0 0 0 1 0 0 6.453129291534424
0 0 0 0 1 0 0 1 1 1 0 0 0 0 1 1 0 1 0 0 0 0 0 0 0 1 0 1 1 0 0 0 1 0 1 0 0 0 0 1 0 0 6.562878131866455
0 0 0 0 1 0 0 1 1 1 1 0 0 0 1 1 0 1 0 0 0 0 0 0 0 1 0 1 1 0 0 0 1 0 1 0 0 0 0 1 0 0 6.706941604614258
0 0 0 0 1 0 0 1 1 1 1 0 0 0 1 1 0 1 0 0 0 0 0 0 0 1 0 1 1 0 0 0 1 0 1 0 0 0 0 1 1 0 6.878420829772949
0 0 0 0 1 0 0 1 1 1 1 0 0 0 1 1 0 1 0 0 0 0 0 0 0 1 0 1 1 0 0 0 1 0 1 0 0 0 1 1 1 0 6.910450458526611
1 0 0 0 1 0 0 1 1 1 1 0 0 0 1 1 0 1 0 0 0 0 0 0 0 1 0 1 1 0 0 0 1 0 1 0 0 0 1 1 1 0 7.025442123413086
1 0 0 0 0 0 0 1 1 1 1 0 0 0 1 1 0 1 0 0 0 0 0 0 0 1 0 1 1 0 0 0 1 0 1 0 0 0 1 1 1 0 7.065806865692139
1 0 0 0 0 0 1 1 1 1 1 0 0 0 1 1 0 1 0 0 0 0 0 0 0 1 0 1 1 0 0 0 1 0 1 0 0 0 1 1 1 0 7.249502658843994
1 0 0 0 0 0 1 1 1 1 1 0 0 0 1 1 1 1 0 0 0 0 0 0 0 1 0 1 1 0 0 0 1 0 1 0 0 0 1 1 1 0 7.455712795257568
1 0 0 0 0 0 1 1 1 1 1 0 0 0 1 1 1 1 0 0 0 0 0 0 0 1 0 1 1 0 0 0 1 0 1 0 0 0 1 1 1 1 7.419629096984863
0 0 0 0 0 1 0 0 1 0 0 0 0 1 1 0 0 0 1 0 1 0 0 0 1 0 1 0 0 1 0 0 0 1 1 0 0 0 0 0 0 0 4.262373447418213
0 0 0 0 0 1 0 0 1 0 0 0 0 0 1 0 0 0 1 0 1 0 0 0 1 0 1 0 0 1 0 0 0 1 1 0 0 0 0 0 0 0 4.5990705490112305
0 0 0 0 0 1 0 0 1 0 0 0 0 0 1 0 0 1 1 0 1 0 0 0 1 0 1 0 0 1 0 0 0 1 1 0 0 0 0 0 0 0 5.011264324188232
0 0 0 0 0 1 0 0 1 0 0 0 0 0 1 0 0 1 1 0 1 0 0 0 1 0 1 0 0 1 1 0 0 1 1 0 0 0 0 0 0 0 5.414272785186768
0 0 0 0 1 1 0 0 1 0 0 0 0 0 1 0 0 1 1 0 1 0 0 0 1 0 1 0 0 1 1 0 0 1 1 0 0 0 0 0 0 0 5.730765342712402
0 0 0 0 1 1 0 0 1 0 0 0 0 0 1 0 0 1 1 0 1 0 0 0 1 0 1 0 0 1 1 0 0 1 1 0 0 0 0 1 0 0 5.986320495605469
0 0 1 0 1 1 0 0 1 0 0 0 0 0 1 0 0 1 1 0 1 0 0 0 1 0 1 0 0 1 1 0 0 1 1 0 0 0 0 1 0 0 6.169205665588379
0 0 1 0 1 1 0 0 1 1 0 0 0 0 1 0 0 1 1 0 1 0 0 0 1 0 1 0 0 1 1 0 0 1 1 0 0 0 0 1 0 0 6.325907230377197
0 0 1 0 1 1 0 0 1 1 0 0 0 0 1 0 0 1 1 0 1 0 0 0 1 0 1 0 0 1 1 0 0 1 1 1 0 0 0 1 0 0 6.362727642059326
0 0 1 0 1 1 0 0 1 1 0 1 0 0 1 0 0 1 1 0 1 0 0 0 1 0 1 0 0 1 1 0 0 1 1 1 0 0 0 1 0 0 6.424468040466309
0 0 1 0 1 1 0 0 1 1 0 1 0 0 1 0 0 1 1 0 1 0 0 1 1 0 1 0 0 1 1 0 0 1 1 1 0 0 0 1 0 0 6.53157377243042
0 0 1 0 1 1 0 0 1 1 0 1 0 0 1 0 0 1 1 0 1 0 0 1 0 0 1 0 0 1 1 0 0 1 1 1 0 0 0 1 0 0 6.527820110321045
0 0 1 0 1 0 0 0 0 1 1 0 0 0 1 1 0 0 0 1 1 0 0 0 0 0 0 0 0 1 0 1 0 1 0 0 0 0 0 0 0 0 3.6645383834838867
0 0 1 0 1 0 0 0 0 1 1 0 0 0 1 1 0 0 0 1 1 0 0 0 0 0 0 0 0 1 0 1 1 1 0 0 0 0 0 0 0 0 4.194290637969971
0 0 1 0 1 0 0 0 0 1 1 0 0 0 1 1 0 0 0 1 1 0 0 0 0 0 0 0 0 1 0 0 1 1 0 0 0 0 0 0 0 0 4.567283630371094
0 0 1 0 1 0 0 0 0 1 1 0 0 0 1 1 0 0 0 1 1 0 0 0 0 0 0 0 0 1 0 0 1 1 0 0 0 0 0 1 0 0 4.9273576736450195
0 0 1 0 1 0 0 0 0 1 1 0 0 0 1 1 0 0 0 1 0 0 0 0 0 0 0 0 0 1 0 0 1 1 0 0 0 0 0 1 0 0 5.148764610290527
0 0 1 0 1 0 0 0 0 1 1 0 0 0 1 1 0 1 0 1 0 0 0 0 0 0 0 0 0 1 0 0 1 1 0 0 0 0 0 1 0 0 5.3135552406311035
0 0 1 0 1 0 0 0 0 1 1 0 0 0 1 1 0 1 0 1 0 0 0 0 0 0 0 0 1 1 0 0 1 1 0 0 0 0 0 1 0 0 5.6188764572143555
0 0 1 0 1 0 0 0 0 1 1 0 0 0 1 1 0 1 0 1 0 0 0 0 0 0 0 0 1 1 0 0 1 1 1 0 0 0 0 1 0 0 5.919220924377441
0 0 1 0 1 0 0 0 0 1 1 0 0 0 1 1 0 1 1 1 0 0 0 0 0 0 0 0 1 1 0 0 1 1 1 0 0 0 0 1 0 0 6.001382827758789
0 0 0 0 1 0 0 0 0 1 1 0 0 0 1 1 0 1 1 1 0 0 0 0 0 0 0 0 1 1 0 0 1 1 1 0 0 0 0 1 0 0 6.0816802978515625
0 0 0 0 1 0 0 0 0 1 1 0 0 0 1 1 0 1 1 1 0 0 0 0 0 1 0 0 1 1 0 0 1 1 1 0 0 0 0 1 0 0 6.134042263031006
0 0 0 0 1 0 0 0 1 1 1 0 0 0 1 1 0 1 1 1 0 0 0 0 0 1 0 0 1 1 0 0 1 1 1 0 0 0 0 1 0 0 6.130255699157715
0 0 0 1 1 1 0 0 1 1 0 0 0 1 0 0 0 0 0 0 0 0 0 0 1 1 0 0 0 1 0 0 0 0 1 0 0 0 0 0 0 1 3.9089598655700684
0 0 0 1 1 1 0 0 1 1 0 0 0 1 0 0 0 1 0 0 0 0 0 0 1 1 0 0 0 1 0 0 0 0 1 0 0 0 0 0 0 1 4.475311756134033
0 0 1 1 1 1 0 0 1 1 0 0 0 1 0 0 0 1 0 0 0 0 0 0 1 1 0 0 0 1 0 0 0 0 1 0 0 0 0 0 0 1 4.729482173919678
0 0 1 1 1 1 0 0 1 1 0 0 0 1 0 0 0 1 0 0 0 0 0 0 1 1 0 0 0 1 0 0 0 1 1 0 0 0 0 0 0 1 5.012055397033691
0 0 1 1 1 1 0 0 1 1 0 0 0 1 0 0 0 1 0 0 0 0 0 0 0 1 0 0 0 1 0 0 0 1 1 0 0 0 0 0 0 1 5.066700458526611
0 0 1 1 1 1 0 0 1 1 0 0 0 1 0 0 0 1 1 0 0 0 0 0 0 1 0 0 0 1 0 0 0 1 1 0 0 0 0 0 0 1 5.264710426330566
0 0 1 1 1 1 0 0 1 1 0 0 0 1 1 0 0 1 1 0 0 0 0 0 0 1 0 0 0 1 0 0 0 1 1 0 0 0 0 0 0 1 5.3634138107299805
0 0 1 1 1 1 0 0 1 1 0 0 0 1 1 0 0 1 1 0 0 0 0 0 0 1 1 0 0 1 0 0 0 1 1 0 0 0 0 0 0 1 5.4991888999938965
0 0 1 1 1 1 0 0 1 1 0 0 0 1 1 0 0 1 1 0 0 0 0 0 0 1 1 0 0 1 1 0 0 1 1 0 0 0 0 0 0 1 5.779763221740723
0 0 1 1 1 1 0 0 1 1 0 0 0 1 1 0 0 1 1 0 0 0 0 0 0 1 1 0 0 1 1 0 0 1 1 0 0 0 0 0 0 0 5.978432655334473
0 0 1 1 1 1 0 0 1 1 0 0 0 1 1 0 0 1 1 0 1 0 0 0 0 1 1 0 0 1 1 0 0 1 1 0 0 0 0 0 0 0 6.141610145568848
0 0 1 1 1 1 0 0 1 1 0 0 0 0 1 0 0 1 1 0 1 0 0 0 0 1 1 0 0 1 1 0 0 1 1 0 0 0 0 0 0 0 6.259178161621094
0 0 1 1 1 1 0 0 1 1 0 0 0 0 1 0 0 1 1 0 1 0 0 0 0 1 1 0 0 0 1 0 0 1 1 0 0 0 0 0 0 0 6.352647304534912
0 0 1 1 1 1 0 0 1 1 0 1 0 0 1 0 0 1 1 0 1 0 0 0 0 1 1 0 0 0 1 0 0 1 1 0 0 0 0 0 0 0 6.442507266998291
0 0 1 1 1 1 0 0 0 1 0 1 0 0 1 0 0 1 1 0 1 0 0 0 0 1 1 0 0 0 1 0 0 1 1 0 0 0 0 0 0 0 6.463028907775879
0 0 1 1 1 1 0 0 0 1 0 1 0 0 1 0 0 1 1 0 1 0 0 0 1 1 1 0 0 0 1 0 0 1 1 0 0 0 0 0 0 0 6.497195243835449
0 0 1 1 1 0 0 0 0 1 0 1 0 0 1 0 0 1 1 0 1 0 0 0 1 1 1 0 0 0 1 0 0 1 1 0 0 0 0 0 0 0 6.511287689208984
0 0 1 1 1 0 0 0 0 1 0 1 0 0 1 0 0 1 1 0 1 0 0 0 1 1 1 0 0 0 1 0 0 1 1 1 0 0 0 0 0 0 6.498219013214111
0 0 1 1 1 0 0 0 0 0 0 0 0 1 0 0 0 1 1 0 0 0 0 0 0 1 0 1 0 1 0 0 0 0 0 0 0 0 1 0 0 1 3.989967107772827
0 0 1 1 1 0 0 0 0 0 0 0 0 1 0 0 0 1 1 0 0 0 0 0 0 1 1 1 0 1 0 0 0 0 0 0 0 0 1 0 0 1 4.51283597946167
0 0 1 1 1 0 0 0 0 1 0 0 0 1 0 0 0 1 1 0 0 0 0 0 0 1 1 1 0 1 0 0 0 0 0 0 0 0 1 0 0 1 4.759540557861328
0 0 1 1 1 0 0 0 0 1 0 0 0 1 0 0 0 1 1 0 0 0 0 0 0 1 1 0 0 1 0 0 0 0 0 0 0 0 1 0 0 1 5.04742431640625
0 0 1 1 1 0 0 0 0 1 0 0 0 1 0 0 0 1 1 0 0 0 0 0 0 1 1 0 0 1 1 0 0 0 0 0 0 0 1 0 0 1 5.204002380371094
0 0 1 1 1 0 0 0 0 1 0 0 0 1 0 0 0 1 1 0 0 0 0 0 0 1 1 0 0 1 1 0 0 0 0 0 0 0 0 0 0 1 5.346948623657227
0 0 1 1 1 0 0 0 0 1 0 0 0 1 0 0 0 1 1 0 0 0 0 0 0 1 1 0 0 1 1 0 0 0 1 0 0 0 0 0 0 1 5.584685325622559
0 0 1 1 1 0 0 0 0 1 0 0 0 1 0 0 0 1 1 0 0 0 0 0 0 1 1 0 0 1 1 0 0 0 1 0 0 0 0 0 0 0 5.743856906890869
0 0 1 1 1 0 0 0 0 1 0 0 0 1 1 0 0 1 1 0 0 0 0 0 0 1 1 0 0 1 1 0 0 0 1 0 0 0 0 0 0 0 5.850709438323975
0 0 1 1 1 0 0 0 0 1 0 0 0 1 1 0 0 1 1 0 0 0 0 0 0 1 1 0 1 1 1 0 0 0 1 0 0 0 0 0 0 0 6.020191192626953
0 0 1 1 1 0 0 0 0 1 0 0 0 0 1 0 0 1 1 0 0 0 0 0 0 1 1 0 1 1 1 0 0 0 1 0 0 0 0 0 0 0 6.136323928833008
0 0 1 1 1 0 0 0 0 1 0 0 0 0 1 0 0 1 1 0 0 0 0 0 0 1 1 0 1 1 1 0 0 1 1 0 0 0 0 0 0 0 6.334565162658691
0 0 1 1 1 0 0 0 0 1 0 0 0 0 1 0 0 1 1 0 0 0 0 0 0 1 1 0 1 0 1 0 0 1 1 0 0 0 0 0 0 0 6.4251708984375
0 0 1 1 1 0 0 0 0 1 0 0 0 0 1 0 0 1 1 0 1 0 0 0 0 1 1 0 1 0 1 0 0 1 1 0 0 0 0 0 0 0 6.463221549987793
0 0 1 1 1 0 0 0 0 1 0 0 0 0 1 0 0 1 1 0 1 0 0 0 1 1 1 0 1 0 1 0 0 1 1 0 0 0 0 0 0 0 6.477949619293213
0 0 1 1 1 0 0 0 0 1 0 0 0 0 1 0 0 1 1 0 1 0 1 0 1 1 1 0 1 0 1 0 0 1 1 0 0 0 0 0 0 0 6.475597858428955
0 0 0 0 1 0 0 0 1 0 1 0 0 0 1 1 0 0 0 1 0 0 0 0 0 0 0 0 1 1 1 0 1 1 0 0 0 0 0 0 0 0 4.390571117401123
0 0 0 0 1 0 0 0 1 1 1 0 0 0 1 1 0 0 0 1 0 0 0 0 0 0 0 0 1 1 1 0 1 1 0 0 0 0 0 0 0 0 5.129744052886963
0 0 0 0 1 0 0 0 1 1 1 0 0 0 1 1 0 0 0 1 0 0 0 0 0 0 0 0 1 1 1 0 1 1 0 0 0 0 0 1 0 0 5.500851631164551
0 0 0 0 1 0 0 0 1 1 1 0 0 0 1 1 0 1 0 1 0 0 0 0 0 0 0 0 1 1 1 0 1 1 0 0 0 0 0 1 0 0 5.737337589263916
0 0 0 0 1 0 0 0 1 1 1 0 0 0 1 1 0 1 0 1 0 0 0 0 0 0 0 0 1 1 1 0 1 1 1 0 0 0 0 1 0 0 6.020754814147949
0 0 0 0 1 0 0 0 1 1 1 0 0 0 1 1 0 1 0 0 0 0 0 0 0 0 0 0 1 1 1 0 1 1 1 0 0 0 0 1 0 0 6.167020320892334
0 0 0 0 1 0 0 0 1 1 1 0 0 0 1 1 0 1 0 0 0 0 0 0 0 0 0 0 1 0 1 0 1 1 1 0 0 0 0 1 0 0 6.205664157867432
0 0 0 0 1 0 0 0 1 1 1 0 0 0 1 1 0 1 0 0 0 0 0 0 0 0 0 0 1 0 1 0 1 1 1 0 0 0 0 1 1 0 6.471922397613525
0 0 0 0 1 0 0 1 1 1 1 0 0 0 1 1 0 1 0 0 0 0 0 0 0 0 0 0 1 0 1 0 1 1 1 0 0 0 0 1 1 0 6.6393232345581055
0 0 0 0 1 0 0 1 1 1 1 0 0 0 1 1 0 1 0 0 0 0 0 0 0 1 0 0 1 0 1 0 1 1 1 0 0 0 0 1 1 0 6.739152431488037
0 0 0 0 1 0 1 1 1 1 1 0 0 0 1 1 0 1 0 0 0 0 0 0 0 1 0 0 1 0 1 0 1 1 1 0 0 0 0 1 1 0 7.0175862312316895
0 0 0 0 1 0 1 1 1 1 1 0 0 0 1 1 0 1 0 0 0 0 0 0 0 1 0 1 1 0 1 0 1 1 1 0 0 0 0 1 1 0 7.042332649230957
0 0 0 0 1 0 1 1 1 1 1 0 0 0 1 1 0 1 0 0 1 0 0 0 0 1 0 1 1 0 1 0 1 1 1 0 0 0 0 1 1 0 7.047583103179932
0 0 0 0 1 0 1 1 1 1 1 0 0 0 1 1 0 1 0 0 1 0 0 0 0 1 0 1 1 0 1 0 1 0 1 0 0 0 0 1 1 0 7.085422515869141
0 0 0 0 1 0 1 1 1 1 1 0 0 0 1 1 0 1 0 0 1 0 0 0 0 1 0 1 1 0 1 0 1 0 1 0 0 0 1 1 1 0 7.051456451416016
0 0 0 0 1 1 0 0 1 0 0 0 0 1 0 1 0 0 1 0 0 0 0 0 1 0 1 0 0 1 0 0 0 1 1 0 0 0 0 0 0 0 3.8853936195373535
0 0 0 0 1 1 0 0 1 1 0 0 0 1 0 1 0 0 1 0 0 0 0 0 1 0 1 0 0 1 0 0 0 1 1 0 0 0 0 0 0 0 4.382734298706055
0 0 0 0 1 1 0 0 1 1 0 0 0 1 0 1 0 1 1 0 0 0 0 0 1 0 1 0 0 1 0 0 0 1 1 0 0 0 0 0 0 0 4.739503860473633
0 0 0 0 1 1 0 0 1 1 0 0 0 1 0 1 0 1 1 0 0 0 0 0 1 0 1 0 0 1 1 0 0 1 1 0 0 0 0 0 0 0 5.155611515045166
0 0 0 0 1 1 0 0 1 1 0 0 0 1 1 1 0 1 1 0 0 0 0 0 1 0 1 0 0 1 1 0 0 1 1 0 0 0 0 0 0 0 5.504157543182373
0 0 1 0 1 1 0 0 1 1 0 0 0 1 1 1 0 1 1 0 0 0 0 0 1 0 1 0 0 1 1 0 0 1 1 0 0 0 0 0 0 0 5.729626655578613
0 0 1 0 1 1 0 0 1 1 0 0 0 0 1 1 0 1 1 0 0 0 0 0 1 0 1 0 0 1 1 0 0 1 1 0 0 0 0 0 0 0 5.897826194763184
0 0 1 0 1 1 0 0 1 1 0 0 0 0 1 1 0 1 1 0 1 0 0 0 1 0 1 0 0 1 1 0 0 1 1 0 0 0 0 0 0 0 6.002368450164795
0 0 1 0 1 1 0 0 1 1 0 0 0 0 1 0 0 1 1 0 1 0 0 0 1 0 1 0 0 1 1 0 0 1 1 0 0 0 0 0 0 0 6.100317478179932
0 0 1 0 1 1 0 0 1 1 0 0 0 0 1 0 0 1 1 0 1 0 0 0 1 0 1 0 0 1 1 0 0 1 1 0 0 0 0 1 0 0 6.325907230377197
0 0 1 0 1 1 0 0 1 1 0 0 0 0 1 0 0 1 1 0 1 0 0 0 1 0 1 0 0 1 1 0 0 1 1 1 0 0 0 1 0 0 6.362727642059326
0 0 1 0 1 1 0 0 1 1 0 1 0 0 1 0 0 1 1 0 1 0 0 0 1 0 1 0 0 1 1 0 0 1 1 1 0 0 0 1 0 0 6.424468040466309
0 0 1 0 1 1 0 0 1 1 0 1 0 0 1 0 0 1 1 0 1 0 0 1 1 0 1 0 0 1 1 0 0 1 1 1 0 0 0 1 0 0 6.53157377243042
0 0 1 0 1 1 0 0 1 1 0 1 0 0 1 0 0 1 1 0 1 0 0 1 0 0 1 0 0 1 1 0 0 1 1 1 0 0 0 1 0 0 6.527820110321045
0 0 0 0 0 0 0 0 0 1 1 0 0 0 0 0 0 0 0 1 0 1 1 0 0 1 1 0 1 0 0 1 0 0 0 0 0 0 0 1 1 0 3.5428342819213867
0 0 0 0 0 0 0 0 0 1 1 0 0 0 0 0 0 0 0 1 0 1 1 0 0 1 0 0 1 0 0 1 0 0 0 0 0 0 0 1 1 0 3.949683427810669
0 0 0 0 0 0 0 0 0 1 1 0 0 0 0 0 0 0 0 1 0 1 1 0 0 1 0 0 1 0 0 1 1 0 0 0 0 0 0 1 1 0 4.4831976890563965
0 0 0 0 0 0 0 0 0 1 1 0 0 0 0 0 0 0 0 1 0 0 1 0 0 1 0 0 1 0 0 1 1 0 0 0 0 0 0 1 1 0 4.880998611450195
0 0 0 0 0 0 0 0 0 1 1 0 0 0 0 0 0 0 0 1 0 0 1 0 0 1 0 0 1 0 0 1 1 0 0 0 0 0 1 1 1 0 5.222047328948975
0 0 0 0 0 0 0 0 0 1 1 0 0 0 0 0 1 0 0 1 0 0 1 0 0 1 0 0 1 0 0 1 1 0 0 0 0 0 1 1 1 0 5.4920854568481445
0 0 0 0 0 0 0 1 0 1 1 0 0 0 0 0 1 0 0 1 0 0 1 0 0 1 0 0 1 0 0 1 1 0 0 0 0 0 1 1 1 0 5.707772731781006
0 0 0 0 0 0 0 1 0 1 1 0 0 0 0 1 1 0 0 1 0 0 1 0 0 1 0 0 1 0 0 1 1 0 0 0 0 0 1 1 1 0 6.023698329925537
0 0 0 0 0 0 0 1 1 1 1 0 0 0 0 1 1 0 0 1 0 0 1 0 0 1 0 0 1 0 0 1 1 0 0 0 0 0 1 1 1 0 6.138208866119385
0 0 0 0 0 0 0 1 1 1 1 0 0 0 0 1 1 0 0 1 0 0 1 0 0 1 0 1 1 0 0 1 1 0 0 0 0 0 1 1 1 0 6.322812080383301
1 0 0 0 0 0 0 1 1 1 1 0 0 0 0 1 1 0 0 1 0 0 1 0 0 1 0 1 1 0 0 1 1 0 0 0 0 0 1 1 1 0 6.538937568664551
1 0 0 0 0 0 0 1 1 1 1 0 0 0 1 1 1 0 0 1 0 0 1 0 0 1 0 1 1 0 0 1 1 0 0 0 0 0 1 1 1 0 6.657628059387207
1 0 0 0 0 0 1 1 1 1 1 0 0 0 1 1 1 0 0 1 0 0 1 0 0 1 0 1 1 0 0 1 1 0 0 0 0 0 1 1 1 0 6.851119041442871
1 0 0 0 0 0 1 1 1 1 1 0 0 0 1 1 1 0 0 1 0 0 0 0 0 1 0 1 1 0 0 1 1 0 0 0 0 0 1 1 1 0 7.044449806213379
1 0 0 0 0 0 1 1 1 1 1 0 0 0 1 1 1 0 0 0 0 0 0 0 0 1 0 1 1 0 0 1 1 0 0 0 0 0 1 1 1 0 7.18900728225708
1 0 0 0 0 0 1 1 1 1 1 0 0 0 1 1 1 0 0 0 0 0 0 0 0 1 0 1 1 0 0 1 1 0 1 0 0 0 1 1 1 0 7.427502155303955
1 0 0 0 0 0 1 1 1 1 1 0 0 0 1 1 1 0 0 0 0 0 0 0 0 1 0 1 1 0 0 1 1 0 1 0 0 0 1 1 1 1 7.518534183502197
1 0 0 0 0 0 1 1 1 1 1 0 0 0 1 1 1 0 0 0 0 0 0 0 0 1 0 1 1 0 1 1 1 0 1 0 0 0 1 1 1 1 7.452527046203613
0 0 0 1 1 1 0 0 0 0 0 1 0 0 0 0 0 1 0 0 0 1 0 0 0 1 1 0 0 0 0 0 1 0 1 1 0 0 0 0 0 0 3.4463818073272705
0 0 0 1 1 1 0 0 0 1 0 1 0 0 0 0 0 1 0 0 0 1 0 0 0 1 1 0 0 0 0 0 1 0 1 1 0 0 0 0 0 0 4.1096625328063965
0 0 0 1 1 1 0 0 0 1 0 1 0 0 0 0 0 1 0 0 0 0 0 0 0 1 1 0 0 0 0 0 1 0 1 1 0 0 0 0 0 0 4.58814811706543
0 0 0 1 1 1 0 0 0 1 0 1 0 0 0 0 0 1 0 0 0 0 0 0 0 1 1 0 0 0 1 0 1 0 1 1 0 0 0 0 0 0 4.9479193687438965
0 0 0 1 1 1 0 0 0 1 0 1 0 0 0 0 0 1 1 0 0 0 0 0 0 1 1 0 0 0 1 0 1 0 1 1 0 0 0 0 0 0 5.349526882171631
0 0 0 1 1 1 0 0 0 1 0 1 0 0 0 0 0 1 1 0 1 0 0 0 0 1 1 0 0 0 1 0 1 0 1 1 0 0 0 0 0 0 5.635524749755859
0 0 0 1 1 1 0 0 0 1 0 1 0 0 1 0 0 1 1 0 1 0 0 0 0 1 1 0 0 0 1 0 1 0 1 1 0 0 0 0 0 0 5.890325546264648
0 0 1 1 1 1 0 0 0 1 0 1 0 0 1 0 0 1 1 0 1 0 0 0 0 1 1 0 0 0 1 0 1 0 1 1 0 0 0 0 0 0 6.133999824523926
0 0 1 1 1 1 0 0 0 1 0 1 0 0 1 0 0 1 1 0 1 0 0 0 0 1 1 0 0 0 1 0 0 0 1 1 0 0 0 0 0 0 6.265990257263184
0 0 1 1 1 1 0 0 0 1 0 1 0 0 1 0 0 1 1 0 1 0 0 0 0 1 1 0 0 0 1 0 0 1 1 1 0 0 0 0 0 0 6.452047824859619
0 0 1 1 1 1 0 0 0 1 0 1 0 0 1 0 0 1 1 0 1 0 0 0 1 1 1 0 0 0 1 0 0 1 1 1 0 0 0 0 0 0 6.48406982421875
0 0 1 1 1 0 0 0 0 1 0 1 0 0 1 0 0 1 1 0 1 0 0 0 1 1 1 0 0 0 1 0 0 1 1 1 0 0 0 0 0 0 6.498219013214111
0 0 1 1 1 0 0 0 0 1 0 1 0 0 1 0 0 1 1 0 1 0 0 0 1 1 1 0 0 0 1 0 0 1 1 0 0 0 0 0 0 0 6.511287689208984
0 0 1 1 1 0 0 0 0 1 0 1 0 0 1 0 0 1 1 0 1 0 0 0 1 1 1 0 0 0 1 0 0 1 1 1 0 0 0 0 0 0 6.498219013214111
0 0 0 0 0 0 0 0 0 1 1 0 0 0 1 1 0 0 1 1 1 0 0 0 0 0 0 0 0 1 0 0 1 1 1 0 0 0 0 0 0 0 4.212177276611328
0 0 0 0 1 0 0 0 0 1 1 0 0 0 1 1 0 0 1 1 1 0 0 0 0 0 0 0 0 1 0 0 1 1 1 0 0 0 0 0 0 0 4.825509071350098
0 0 0 0 1 0 0 0 0 1 1 0 0 0 1 1 0 0 1 1 1 0 0 0 0 0 0 0 0 1 0 0 1 1 1 0 0 0 0 1 0 0 5.1615800857543945
0 0 0 0 1 0 0 0 0 1 1 0 0 0 1 1 0 0 1 1 1 0 0 0 0 0 0 0 1 1 0 0 1 1 1 0 0 0 0 1 0 0 5.452010154724121
0 0 0 0 1 0 0 0 0 1 1 0 0 0 1 1 0 1 1 1 1 0 0 0 0 0 0 0 1 1 0 0 1 1 1 0 0 0 0 1 0 0 5.772024631500244
0 0 0 0 1 0 0 0 0 1 1 0 0 0 1 1 0 1 1 1 0 0 0 0 0 0 0 0 1 1 0 0 1 1 1 0 0 0 0 1 0 0 6.0816802978515625
0 0 0 0 1 0 0 0 0 1 1 0 0 0 1 1 0 1 1 1 0 0 0 0 0 1 0 0 1 1 0 0 1 1 1 0 0 0 0 1 0 0 6.134042263031006
0 0 0 0 1 0 0 0 1 1 1 0 0 0 1 1 0 1 1 1 0 0 0 0 0 1 0 0 1 1 0 0 1 1 1 0 0 0 0 1 0 0 6.130255699157715
0 0 0 0 1 0 0 0 0 1 1 0 0 0 1 1 0 1 0 0 0 0 0 0 0 1 0 1 0 1 0 0 0 1 0 0 0 1 0 0 0 0 4.252117156982422
0 0 0 0 1 0 0 0 0 1 1 0 0 0 1 1 0 1 0 0 0 0 0 0 0 1 0 1 0 1 0 0 1 1 0 0 0 1 0 0 0 0 4.890452861785889
0 0 0 0 1 0 0 0 0 1 1 0 0 0 1 1 0 1 0 0 0 0 0 0 0 1 0 1 0 1 0 0 1 1 0 0 0 0 0 0 0 0 5.349277019500732
0 0 0 0 1 0 0 0 0 1 1 0 0 0 1 1 0 1 0 0 0 0 0 0 0 1 0 1 0 1 0 0 1 1 0 0 0 0 0 1 0 0 5.772935390472412
0 0 0 0 1 0 0 0 0 1 1 0 0 0 1 1 0 1 0 0 0 0 0 0 0 1 0 1 0 0 0 0 1 1 0 0 0 0 0 1 0 0 6.124671936035156
0 0 0 0 1 0 0 0 0 1 1 0 0 0 1 1 0 1 0 0 0 0 0 0 0 1 0 1 0 0 0 0 1 1 0 0 0 0 0 1 1 0 6.442543029785156
0 0 0 0 1 0 0 1 0 1 1 0 0 0 1 1 0 1 0 0 0 0 0 0 0 1 0 1 0 0 0 0 1 1 0 0 0 0 0 1 1 0 6.625093936920166
0 0 0 0 1 0 0 1 1 1 1 0 0 0 1 1 0 1 0 0 0 0 0 0 0 1 0 1 0 0 0 0 1 1 0 0 0 0 0 1 1 0 6.742990493774414
0 0 0 0 1 0 0 1 1 1 1 0 0 0 1 1 0 1 0 0 0 0 0 0 0 1 0 1 0 0 1 0 1 1 0 0 0 0 0 1 1 0 6.784694671630859
0 0 0 0 1 0 1 1 1 1 1 0 0 0 1 1 0 1 0 0 0 0 0 0 0 1 0 1 0 0 1 0 1 1 0 0 0 0 0 1 1 0 6.882448673248291
0 0 0 0 1 0 1 1 1 1 1 0 0 0 1 1 0 1 0 0 1 0 0 0 0 1 0 1 0 0 1 0 1 1 0 0 0 0 0 1 1 0 7.0122599601745605
0 0 0 0 1 0 1 1 1 1 1 0 0 0 1 1 0 1 1 0 1 0 0 0 0 1 0 1 0 0 1 0 1 1 0 0 0 0 0 1 1 0 7.069499969482422
0 0 0 0 1 0 1 1 1 1 1 0 0 0 1 1 0 1 1 0 1 0 0 0 0 1 0 1 0 0 1 0 1 1 1 0 0 0 0 1 1 0 7.030732154846191
0 0 1 0 1 0 0 0 0 0 0 0 0 0 0 1 0 1 1 0 1 0 0 0 0 0 1 1 0 1 0 0 0 0 0 0 0 0 1 0 0 1 3.90822696685791
0 0 1 0 1 0 0 0 0 0 0 0 0 0 0 1 0 1 1 0 1 0 0 0 0 0 1 1 0 1 1 0 0 0 0 0 0 0 1 0 0 1 4.258917808532715
0 0 1 0 1 0 0 0 0 1 0 0 0 0 0 1 0 1 1 0 1 0 0 0 0 0 1 1 0 1 1 0 0 0 0 0 0 0 1 0 0 1 4.608216285705566
0 0 1 0 1 0 0 0 0 1 0 0 0 0 0 1 0 1 1 0 1 0 0 0 0 0 1 1 0 1 1 0 0 0 0 0 0 0 1 0 0 0 4.877516269683838
0 0 1 0 1 0 0 0 0 1 0 0 0 0 0 1 0 1 1 0 1 0 0 0 0 0 1 1 0 1 1 0 0 0 0 0 0 0 0 0 0 0 5.239802837371826
0 0 1 0 1 0 0 0 0 1 0 0 0 0 0 1 0 1 1 0 1 0 0 0 0 0 1 1 0 1 1 0 0 1 0 0 0 0 0 0 0 0 5.4419403076171875
0 0 1 0 1 0 0 0 0 1 0 0 0 0 0 1 0 1 1 0 1 0 0 0 0 0 1 1 0 1 1 0 0 1 1 0 0 0 0 0 0 0 5.619515895843506
0 0 1 0 1 0 0 0 0 1 0 0 0 0 0 0 0 1 1 0 1 0 0 0 0 0 1 1 0 1 1 0 0 1 1 0 0 0 0 0 0 0 5.761190891265869
0 0 1 0 1 0 0 0 0 1 0 0 0 0 1 0 0 1 1 0 1 0 0 0 0 0 1 1 0 1 1 0 0 1 1 0 0 0 0 0 0 0 5.939932346343994
0 0 1 0 1 0 0 0 0 1 0 0 0 0 1 0 0 1 1 0 1 0 0 0 0 1 1 1 0 1 1 0 0 1 1 0 0 0 0 0 0 0 6.114622116088867
0 0 1 0 1 0 0 0 0 1 0 0 0 0 1 0 0 1 1 0 1 0 0 0 0 1 1 0 0 1 1 0 0 1 1 0 0 0 0 0 0 0 6.224096298217773
0 0 1 0 1 0 0 0 0 1 0 0 0 0 1 0 0 1 1 0 1 0 0 0 0 1 1 0 0 0 1 0 0 1 1 0 0 0 0 0 0 0 6.302093029022217
0 0 1 1 1 0 0 0 0 1 0 0 0 0 1 0 0 1 1 0 1 0 0 0 0 1 1 0 0 0 1 0 0 1 1 0 0 0 0 0 0 0 6.388554096221924
0 0 1 1 1 0 0 0 0 1 0 1 0 0 1 0 0 1 1 0 1 0 0 0 0 1 1 0 0 0 1 0 0 1 1 0 0 0 0 0 0 0 6.478216171264648
0 0 1 1 1 0 0 0 0 1 0 1 0 0 1 0 0 1 1 0 1 0 0 0 1 1 1 0 0 0 1 0 0 1 1 0 0 0 0 0 0 0 6.511287689208984
0 0 1 1 1 0 0 0 0 1 0 1 0 0 1 0 0 1 1 0 1 0 0 0 1 1 1 0 0 0 1 0 0 1 1 1 0 0 0 0 0 0 6.498219013214111
0 0 0 0 0 0 0 0 0 0 0 0 0 0 0 1 0 1 0 0 0 1 0 0 1 1 0 0 1 0 0 1 0 0 0 0 0 0 0 1 1 0 3.080735683441162
0 0 0 0 0 0 0 0 0 1 0 0 0 0 0 1 0 1 0 0 0 1 0 0 1 1 0 0 1 0 0 1 0 0 0 0 0 0 0 1 1 0 3.720858573913574
0 0 0 0 0 0 0 0 0 1 0 0 0 0 0 1 0 1 0 0 0 1 0 0 1 1 0 1 1 0 0 1 0 0 0 0 0 0 0 1 1 0 4.2752532958984375
0 0 0 0 0 0 0 0 0 1 0 0 0 0 1 1 0 1 0 0 0 1 0 0 1 1 0 1 1 0 0 1 0 0 0 0 0 0 0 1 1 0 4.55073356628418
0 0 0 0 0 0 0 0 0 1 0 0 0 0 1 1 0 1 0 0 0 0 0 0 1 1 0 1 1 0 0 1 0 0 0 0 0 0 0 1 1 0 5.0199408531188965
0 0 0 0 0 0 0 0 0 1 0 0 0 0 1 1 0 1 0 0 0 0 0 0 1 1 0 1 1 0 0 1 0 0 1 0 0 0 0 1 1 0 5.2474541664123535
0 0 0 0 0 0 0 0 1 1 0 0 0 0 1 1 0 1 0 0 0 0 0 0 1 1 0 1 1 0 0 1 0 0 1 0 0 0 0 1 1 0 5.5623931884765625
0 0 0 0 1 0 0 0 1 1 0 0 0 0 1 1 0 1 0 0 0 0 0 0 1 1 0 1 1 0 0 1 0 0 1 0 0 0 0 1 1 0 5.773788928985596
0 0 0 0 1 0 0 0 1 1 0 0 0 0 1 1 0 1 0 0 0 0 0 0 1 1 0 1 1 0 0 1 1 0 1 0 0 0 0 1 1 0 6.086561679840088
0 0 0 0 1 0 0 0 1 1 0 0 0 0 1 1 0 1 0 0 0 0 0 0 1 1 0 1 1 0 0 0 1 0 1 0 0 0 0 1 1 0 6.457942962646484
0 0 0 0 1 0 0 0 1 1 0 0 0 0 1 1 0 1 0 0 0 0 0 0 1 1 0 1 1 0 0 0 1 1 1 0 0 0 0 1 1 0 6.521453380584717
0 0 0 0 1 0 0 1 1 1 0 0 0 0 1 1 0 1 0 0 0 0 0 0 1 1 0 1 1 0 0 0 1 1 1 0 0 0 0 1 1 0 6.593273639678955
0 0 0 0 1 0 0 1 1 1 1 0 0 0 1 1 0 1 0 0 0 0 0 0 1 1 0 1 1 0 0 0 1 1 1 0 0 0 0 1 1 0 6.701430797576904
0 0 0 0 1 0 0 1 1 1 1 0 0 0 1 1 0 1 0 0 0 0 0 0 0 1 0 1 1 0 0 0 1 1 1 0 0 0 0 1 1 0 6.904541969299316
0 0 0 0 1 0 1 1 1 1 1 0 0 0 1 1 0 1 0 0 0 0 0 0 0 1 0 1 1 0 0 0 1 1 1 0 0 0 0 1 1 0 6.920012474060059
0 0 0 0 1 0 1 1 1 1 1 0 0 0 1 1 0 1 0 0 0 0 0 0 0 1 0 1 1 0 1 0 1 1 1 0 0 0 0 1 1 0 7.042332649230957
0 0 0 0 1 0 1 1 1 1 1 0 0 0 1 1 0 1 0 0 1 0 0 0 0 1 0 1 1 0 1 0 1 1 1 0 0 0 0 1 1 0 7.047583103179932
0 0 0 0 1 0 1 1 1 1 1 0 0 0 1 1 0 1 0 0 1 0 0 0 0 1 0 1 1 0 1 0 1 0 1 0 0 0 0 1 1 0 7.085422515869141
0 0 0 0 1 0 1 1 1 1 1 0 0 0 1 1 0 1 0 0 1 0 0 0 0 1 0 1 1 0 1 0 1 0 1 0 0 0 1 1 1 0 7.051456451416016
0 0 0 0 1 0 0 1 0 1 1 0 0 1 0 1 0 0 0 1 0 0 0 0 0 0 0 0 0 1 0 0 1 1 0 0 0 0 0 0 0 1 4.436692714691162
0 0 0 0 1 0 0 1 0 1 1 0 0 1 0 1 0 0 0 1 0 0 0 0 0 0 0 0 0 1 0 0 1 1 0 0 0 0 0 1 0 1 4.7238006591796875
0 0 0 0 1 0 0 1 0 1 1 0 0 1 1 1 0 0 0 1 0 0 0 0 0 0 0 0 0 1 0 0 1 1 0 0 0 0 0 1 0 1 4.97382926940918
0 0 0 0 1 0 0 1 0 1 1 0 0 1 1 1 0 0 0 1 0 0 0 0 0 0 0 0 1 1 0 0 1 1 0 0 0 0 0 1 0 1 5.172446250915527
0 0 0 0 1 0 0 1 0 1 1 0 0 1 1 1 0 0 0 1 0 0 0 0 0 0 0 0 1 1 0 0 1 1 0 0 0 0 0 1 0 0 5.494996070861816
0 0 0 0 1 0 0 1 0 1 1 0 0 1 1 1 0 0 0 1 0 0 0 0 0 0 0 0 1 1 0 0 1 1 0 0 0 0 0 1 1 0 5.639273166656494
0 0 0 0 1 0 0 1 0 1 1 0 0 1 1 1 0 1 0 1 0 0 0 0 0 0 0 0 1 1 0 0 1 1 0 0 0 0 0 1 1 0 5.705187797546387
0 0 0 0 1 0 0 1 0 1 1 0 0 1 1 1 0 1 0 1 0 0 0 0 0 0 0 0 1 0 0 0 1 1 0 0 0 0 0 1 1 0 5.899036884307861
0 0 0 0 1 0 0 1 0 1 1 0 0 0 1 1 0 1 0 1 0 0 0 0 0 0 0 0 1 0 0 0 1 1 0 0 0 0 0 1 1 0 6.0849995613098145
0 0 0 0 1 0 0 1 0 1 1 0 0 0 1 1 0 1 0 1 0 0 0 0 0 1 0 0 1 0 0 0 1 1 0 0 0 0 0 1 1 0 6.313650131225586
0 0 0 0 1 0 0 1 0 1 1 0 0 0 1 1 0 1 0 1 0 0 0 0 0 1 0 0 1 0 0 0 1 1 1 0 0 0 0 1 1 0 6.5119452476501465
0 0 0 0 1 0 0 1 0 1 1 0 0 0 1 1 0 1 0 0 0 0 0 0 0 1 0 0 1 0 0 0 1 1 1 0 0 0 0 1 1 0 6.638382911682129
0 0 0 0 1 0 0 1 0 1 1 0 0 0 1 1 0 1 0 0 0 0 0 0 0 1 0 1 1 0 0 0 1 1 1 0 0 0 0 1 1 0 6.837124347686768
0 0 0 0 1 0 0 1 1 1 1 0 0 0 1 1 0 1 0 0 0 0 0 0 0 1 0 1 1 0 0 0 1 1 1 0 0 0 0 1 1 0 6.904541969299316
0 0 0 0 1 0 1 1 1 1 1 0 0 0 1 1 0 1 0 0 0 0 0 0 0 1 0 1 1 0 0 0 1 1 1 0 0 0 0 1 1 0 6.920012474060059
0 0 0 0 1 0 1 1 1 1 1 0 0 0 1 1 0 1 0 0 0 0 0 0 0 1 0 1 1 0 1 0 1 1 1 0 0 0 0 1 1 0 7.042332649230957
0 0 0 0 1 0 1 1 1 1 1 0 0 0 1 1 0 1 0 0 1 0 0 0 0 1 0 1 1 0 1 0 1 1 1 0 0 0 0 1 1 0 7.047583103179932
0 0 0 0 1 0 1 1 1 1 1 0 0 0 1 1 0 1 0 0 1 0 0 0 0 1 0 1 1 0 1 0 1 0 1 0 0 0 0 1 1 0 7.085422515869141
0 0 0 0 1 0 1 1 1 1 1 0 0 0 1 1 0 1 0 0 1 0 0 0 0 1 0 1 1 0 1 0 1 0 1 0 0 0 1 1 1 0 7.051456451416016
0 0 0 0 1 0 0 0 0 1 1 0 0 0 1 1 0 1 0 0 0 0 1 0 0 0 0 1 0 1 0 0 1 1 0 0 0 0 0 0 0 0 4.742515563964844
0 0 0 0 1 0 0 0 0 1 1 0 0 0 1 1 0 1 0 0 0 0 1 0 0 0 0 1 1 1 0 0 1 1 0 0 0 0 0 0 0 0 5.242712020874023
0 0 0 0 1 0 0 0 0 1 1 0 0 0 1 1 0 1 0 0 0 0 1 0 0 0 0 1 1 1 0 0 1 1 0 0 0 0 0 1 0 0 5.615108966827393
0 0 0 0 1 0 0 0 0 1 1 0 0 0 1 1 0 1 0 0 0 0 1 0 0 0 0 1 1 0 0 0 1 1 0 0 0 0 0 1 0 0 5.961291790008545
0 0 0 0 1 0 0 0 0 1 1 0 0 0 1 1 0 1 0 0 0 0 1 0 0 0 0 1 1 0 0 0 1 1 0 0 0 0 0 1 1 0 6.231534957885742
0 0 0 0 1 0 0 0 0 1 1 0 0 0 1 1 0 1 0 0 0 0 1 0 0 1 0 1 1 0 0 0 1 1 0 0 0 0 0 1 1 0 6.3291120529174805
0 0 0 0 1 0 0 1 0 1 1 0 0 0 1 1 0 1 0 0 0 0 1 0 0 1 0 1 1 0 0 0 1 1 0 0 0 0 0 1 1 0 6.526858329772949
0 0 0 0 1 0 0 1 0 1 1 0 0 0 1 1 0 1 0 0 0 0 1 0 0 1 0 1 1 0 0 0 1 1 1 0 0 0 0 1 1 0 6.697096347808838
0 0 0 0 1 0 0 1 0 1 1 0 0 0 1 1 0 1 0 0 0 0 0 0 0 1 0 1 1 0 0 0 1 1 1 0 0 0 0 1 1 0 6.837124347686768
0 0 0 0 1 0 0 1 1 1 1 0 0 0 1 1 0 1 0 0 0 0 0 0 0 1 0 1 1 0 0 0 1 1 1 0 0 0 0 1 1 0 6.904541969299316
0 0 0 0 1 0 1 1 1 1 1 0 0 0 1 1 0 1 0 0 0 0 0 0 0 1 0 1 1 0 0 0 1 1 1 0 0 0 0 1 1 0 6.920012474060059
0 0 0 0 1 0 1 1 1 1 1 0 0 0 1 1 0 1 0 0 0 0 0 0 0 1 0 1 1 0 1 0 1 1 1 0 0 0 0 1 1 0 7.042332649230957
0 0 0 0 1 0 1 1 1 1 1 0 0 0 1 1 0 1 0 0 1 0 0 0 0 1 0 1 1 0 1 0 1 1 1 0 0 0 0 1 1 0 7.047583103179932
0 0 0 0 1 0 1 1 1 1 1 0 0 0 1 1 0 1 0 0 1 0 0 0 0 1 0 1 1 0 1 0 1 0 1 0 0 0 0 1 1 0 7.085422515869141
0 0 0 0 1 0 1 1 1 1 1 0 0 0 1 1 0 1 0 0 1 0 0 0 0 1 0 1 1 0 1 0 1 0 1 0 0 0 1 1 1 0 7.051456451416016
0 1 0 1 0 1 0 0 1 1 0 0 0 0 0 0 0 1 0 0 0 0 0 0 0 1 0 0 0 0 0 0 0 0 1 0 0 0 0 0 0 1 3.9794540405273438
0 1 0 1 1 1 0 0 1 1 0 0 0 0 0 0 0 1 0 0 0 0 0 0 0 1 0 0 0 0 0 0 0 0 1 0 0 0 0 0 0 1 4.286397457122803
0 1 0 1 1 0 0 0 1 1 0 0 0 0 0 0 0 1 0 0 0 0 0 0 0 1 0 0 0 0 0 0 0 0 1 0 0 0 0 0 0 1 4.570239543914795
0 1 0 1 1 0 0 0 1 1 0 0 0 0 0 0 0 1 0 0 0 0 0 0 0 1 0 0 0 0 0 0 0 0 1 0 0 0 0 1 0 1 4.839454650878906
0 0 0 1 1 0 0 0 1 1 0 0 0 0 0 0 0 1 0 0 0 0 0 0 0 1 0 0 0 0 0 0 0 0 1 0 0 0 0 1 0 1 5.028865814208984
0 0 0 1 1 0 0 0 1 1 0 0 0 0 0 0 1 1 0 0 0 0 0 0 0 1 0 0 0 0 0 0 0 0 1 0 0 0 0 1 0 1 5.189240455627441
0 0 0 1 1 0 0 0 1 1 0 0 0 0 0 0 1 1 0 0 0 0 0 0 0 1 0 0 0 0 0 0 0 0 1 0 0 0 0 1 0 0 5.352175235748291
0 0 0 1 1 0 0 0 1 1 0 0 0 0 0 1 1 1 0 0 0 0 0 0 0 1 0 0 0 0 0 0 0 0 1 0 0 0 0 1 0 0 5.585566520690918
0 0 0 1 1 0 0 0 1 1 0 0 0 0 0 1 1 1 0 0 0 0 0 0 0 1 0 0 0 0 0 0 1 0 1 0 0 0 0 1 0 0 5.730550765991211
0 0 0 0 1 0 0 0 1 1 0 0 0 0 0 1 1 1 0 0 0 0 0 0 0 1 0 0 0 0 0 0 1 0 1 0 0 0 0 1 0 0 5.9976654052734375
0 0 0 0 1 0 0 0 1 1 0 0 0 0 1 1 1 1 0 0 0 0 0 0 0 1 0 0 0 0 0 0 1 0 1 0 0 0 0 1 0 0 6.232944488525391
0 0 0 0 1 0 0 0 1 1 1 0 0 0 1 1 1 1 0 0 0 0 0 0 0 1 0 0 0 0 0 0 1 0 1 0 0 0 0 1 0 0 6.387930393218994
0 0 0 0 1 0 0 0 1 1 1 0 0 0 1 1 1 1 0 0 0 0 0 0 0 1 0 0 0 0 0 0 1 0 1 0 0 0 0 1 1 0 6.597527027130127
0 0 0 0 1 0 0 1 1 1 1 0 0 0 1 1 1 1 0 0 0 0 0 0 0 1 0 0 0 0 0 0 1 0 1 0 0 0 0 1 1 0 6.801362991333008
0 0 0 0 1 0 0 1 1 1 1 0 0 0 1 1 1 1 0 0 0 0 0 0 0 1 0 1 0 0 0 0 1 0 1 0 0 0 0 1 1 0 6.844646453857422
0 0 0 0 1 0 0 1 1 1 1 0 0 0 1 1 1 1 0 0 0 0 0 0 0 1 0 1 0 0 0 0 1 0 1 0 0 0 1 1 1 0 6.960965633392334
1 0 0 0 1 0 0 1 1 1 1 0 0 0 1 1 1 1 0 0 0 0 0 0 0 1 0 1 0 0 0 0 1 0 1 0 0 0 1 1 1 0 7.130094051361084
1 0 0 0 0 0 0 1 1 1 1 0 0 0 1 1 1 1 0 0 0 0 0 0 0 1 0 1 0 0 0 0 1 0 1 0 0 0 1 1 1 0 7.242792129516602
1 0 0 0 0 0 1 1 1 1 1 0 0 0 1 1 1 1 0 0 0 0 0 0 0 1 0 1 0 0 0 0 1 0 1 0 0 0 1 1 1 0 7.340696811676025
1 0 0 0 0 0 1 1 1 1 1 0 0 0 1 1 1 1 0 0 0 0 0 0 0 1 0 1 0 0 0 0 1 0 1 0 0 0 1 1 1 1 7.458186626434326
1 0 0 0 0 0 1 1 1 1 1 0 0 0 1 1 1 1 0 0 0 0 0 0 0 1 0 1 0 0 1 0 1 0 1 0 0 0 1 1 1 1 7.442582607269287
0 0 0 0 0 0 0 0 0 1 1 0 1 1 1 0 0 0 0 1 0 0 0 0 0 0 0 0 1 0 0 0 1 1 0 1 0 1 0 0 0 0 3.8047714233398438
0 0 0 0 1 0 0 0 0 1 1 0 1 1 1 0 0 0 0 1 0 0 0 0 0 0 0 0 1 0 0 0 1 1 0 1 0 1 0 0 0 0 4.235721588134766
0 0 0 0 1 0 0 0 0 1 1 0 1 1 1 0 0 0 0 1 0 0 0 0 0 0 0 0 1 0 0 0 1 1 0 1 0 0 0 0 0 0 4.660381317138672
0 0 0 0 1 0 0 0 0 1 1 0 1 1 1 0 0 0 0 1 0 0 0 0 0 0 0 0 1 0 0 0 1 1 0 1 0 0 0 1 0 0 4.941559314727783
0 0 0 0 1 0 0 0 0 1 1 0 1 1 1 1 0 0 0 1 0 0 0 0 0 0 0 0 1 0 0 0 1 1 0 1 0 0 0 1 0 0 5.102938652038574
0 0 0 0 1 0 0 0 0 1 1 0 1 1 1 1 0 0 0 1 0 0 0 0 0 0 0 0 1 0 0 0 1 1 0 1 0 0 1 1 0 0 5.310585975646973
0 0 0 0 1 0 0 0 0 1 1 0 1 1 1 1 0 0 0 1 0 0 0 0 0 0 0 0 1 0 0 0 1 1 0 1 0 0 1 1 1 0 5.4513373374938965
0 0 0 0 1 0 0 0 0 1 1 0 1 1 1 1 0 0 0 1 0 0 0 0 0 0 0 0 1 0 0 0 1 1 0 0 0 0 1 1 1 0 5.558701038360596
0 0 0 0 1 0 0 0 0 1 1 0 0 1 1 1 0 0 0 1 0 0 0 0 0 0 0 0 1 0 0 0 1 1 0 0 0 0 1 1 1 0 5.70979642868042
0 0 0 0 1 0 0 0 0 1 1 0 0 1 1 1 0 1 0 1 0 0 0 0 0 0 0 0 1 0 0 0 1 1 0 0 0 0 1 1 1 0 5.813963413238525
0 0 0 0 1 0 0 0 0 1 1 0 0 0 1 1 0 1 0 1 0 0 0 0 0 0 0 0 1 0 0 0 1 1 0 0 0 0 1 1 1 0 6.000516891479492
0 0 0 0 1 0 0 0 0 1 1 0 0 0 1 1 0 1 0 0 0 0 0 0 0 0 0 0 1 0 0 0 1 1 0 0 0 0 1 1 1 0 6.292715549468994
0 0 0 0 1 0 0 0 0 1 1 0 0 0 1 1 0 1 0 0 0 0 0 0 0 1 0 0 1 0 0 0 1 1 0 0 0 0 1 1 1 0 6.44359016418457
0 0 0 0 1 0 0 1 0 1 1 0 0 0 1 1 0 1 0 0 0 0 0 0 0 1 0 0 1 0 0 0 1 1 0 0 0 0 1 1 1 0 6.678260803222656
0 0 0 0 1 0 0 1 0 1 1 0 0 0 1 1 0 1 0 0 0 0 0 0 0 1 0 0 1 0 0 0 1 1 1 0 0 0 1 1 1 0 6.768035411834717
0 0 0 0 1 0 0 1 1 1 1 0 0 0 1 1 0 1 0 0 0 0 0 0 0 1 0 0 1 0 0 0 1 1 1 0 0 0 1 1 1 0 6.895665168762207
0 0 0 0 1 0 0 1 1 1 1 0 0 0 1 1 0 1 0 0 0 0 0 0 0 1 0 1 1 0 0 0 1 1 1 0 0 0 1 1 1 0 6.910712242126465
0 0 0 0 1 0 0 1 1 1 1 0 0 0 1 1 0 1 0 0 0 0 0 0 0 1 0 1 1 0 1 0 1 1 1 0 0 0 1 1 1 0 6.930667877197266
0 0 0 0 1 0 0 1 1 1 1 0 0 0 1 1 0 1 0 0 0 0 0 0 0 1 0 1 1 0 1 0 1 0 1 0 0 0 1 1 1 0 6.941961288452148
1 0 0 0 1 0 0 1 1 1 1 0 0 0 1 1 0 1 0 0 0 0 0 0 0 1 0 1 1 0 1 0 1 0 1 0 0 0 1 1 1 0 6.965517520904541
1 0 0 0 1 0 1 1 1 1 1 0 0 0 1 1 0 1 0 0 0 0 0 0 0 1 0 1 1 0 1 0 1 0 1 0 0 0 1 1 1 0 7.108455657958984
1 0 0 0 1 0 1 1 1 1 1 0 0 0 1 1 1 1 0 0 0 0 0 0 0 1 0 1 1 0 1 0 1 0 1 0 0 0 1 1 1 0 7.298656940460205
1 0 0 0 0 0 1 1 1 1 1 0 0 0 1 1 1 1 0 0 0 0 0 0 0 1 0 1 1 0 1 0 1 0 1 0 0 0 1 1 1 0 7.368137359619141
1 0 0 0 0 0 1 1 1 1 1 0 0 0 1 1 1 1 0 0 0 0 0 0 0 1 0 1 1 0 0 0 1 0 1 0 0 0 1 1 1 0 7.455712795257568
1 0 0 0 0 0 1 1 1 1 1 0 0 0 1 1 1 1 0 0 0 0 0 0 0 1 0 1 1 0 0 0 1 0 1 0 0 0 1 1 1 1 7.419629096984863
0 1 0 1 1 0 0 0 0 1 1 0 0 0 0 1 0 1 0 0 0 0 0 0 0 1 0 0 0 0 0 1 0 1 0 0 0 0 0 0 0 1 4.280493259429932
0 1 0 1 1 0 0 0 0 1 1 0 0 0 0 1 0 1 0 0 0 0 0 0 0 1 0 0 0 0 0 1 0 1 0 0 0 0 0 1 0 1 4.556318759918213
0 1 0 1 1 0 0 0 0 1 1 0 0 0 1 1 0 1 0 0 0 0 0 0 0 1 0 0 0 0 0 1 0 1 0 0 0 0 0 1 0 1 4.73944091796875
0 0 0 1 1 0 0 0 0 1 1 0 0 0 1 1 0 1 0 0 0 0 0 0 0 1 0 0 0 0 0 1 0 1 0 0 0 0 0 1 0 1 4.9175190925598145
0 0 0 1 1 0 0 0 0 1 1 0 0 0 1 1 0 1 0 0 0 0 0 0 0 1 0 0 0 0 0 0 0 1 0 0 0 0 0 1 0 1 5.170960903167725
0 0 0 1 1 0 0 0 0 1 1 0 0 0 1 1 0 1 0 0 0 0 0 0 0 1 0 0 0 0 0 0 0 1 0 0 0 0 0 1 0 0 5.513251781463623
0 0 0 1 1 0 0 0 0 1 1 0 0 0 1 1 0 1 0 0 0 0 0 0 0 1 0 0 0 0 0 0 0 1 1 0 0 0 0 1 0 0 5.701733112335205
0 0 0 1 1 0 0 0 0 1 1 0 0 0 1 1 0 1 0 0 0 0 0 0 0 1 0 0 0 0 0 0 1 1 1 0 0 0 0 1 0 0 5.853964328765869
0 0 0 0 1 0 0 0 0 1 1 0 0 0 1 1 0 1 0 0 0 0 0 0 0 1 0 0 0 0 0 0 1 1 1 0 0 0 0 1 0 0 6.248630046844482
0 0 0 0 1 0 0 0 0 1 1 0 0 0 1 1 0 1 0 0 0 0 0 0 0 1 0 0 0 0 0 0 1 1 1 0 0 0 0 1 1 0 6.468014717102051
0 0 0 0 1 0 0 0 1 1 1 0 0 0 1 1 0 1 0 0 0 0 0 0 0 1 0 0 0 0 0 0 1 1 1 0 0 0 0 1 1 0 6.609773635864258
0 0 0 0 1 0 0 1 1 1 1 0 0 0 1 1 0 1 0 0 0 0 0 0 0 1 0 0 0 0 0 0 1 1 1 0 0 0 0 1 1 0 6.7168660163879395
0 0 0 0 1 0 0 1 1 1 1 0 0 0 1 1 0 1 0 0 0 0 0 0 0 1 0 0 0 0 1 0 1 1 1 0 0 0 0 1 1 0 6.864398956298828
0 0 0 0 1 0 0 1 1 1 1 0 0 0 1 1 0 1 0 0 0 0 0 0 0 1 0 1 0 0 1 0 1 1 1 0 0 0 0 1 1 0 6.866150856018066
0 0 0 0 1 0 0 1 1 1 1 0 0 0 1 1 0 1 0 0 1 0 0 0 0 1 0 1 0 0 1 0 1 1 1 0 0 0 0 1 1 0 6.9072723388671875
0 0 0 0 1 0 1 1 1 1 1 0 0 0 1 1 0 1 0 0 1 0 0 0 0 1 0 1 0 0 1 0 1 1 1 0 0 0 0 1 1 0 6.998582363128662
0 0 0 0 1 0 1 1 1 1 1 0 0 0 1 1 0 1 0 0 1 0 0 0 0 1 0 1 1 0 1 0 1 1 1 0 0 0 0 1 1 0 7.047583103179932
0 0 0 0 1 0 1 1 1 1 1 0 0 0 1 1 0 1 0 0 1 0 0 0 0 1 0 1 1 0 1 0 1 0 1 0 0 0 0 1 1 0 7.085422515869141
0 0 0 0 1 0 1 1 1 1 1 0 0 0 1 1 0 1 0 0 1 0 0 0 0 1 0 1 1 0 1 0 1 0 1 0 0 0 1 1 1 0 7.051456451416016
0 0 0 1 1 1 0 0 1 0 0 0 0 0 0 1 0 0 1 0 0 0 0 0 0 0 0 0 0 1 0 0 0 1 0 0 0 0 0 0 0 1 3.6977317333221436
0 0 0 1 1 1 0 0 1 1 0 0 0 0 0 1 0 0 1 0 0 0 0 0 0 0 0 0 0 1 0 0 0 1 0 0 0 0 0 0 0 1 4.182610511779785
0 0 0 1 1 1 0 0 1 1 0 0 0 0 0 1 0 1 1 0 0 0 0 0 0 0 0 0 0 1 0 0 0 1 0 0 0 0 0 0 0 1 4.660796642303467
0 0 0 1 1 1 0 0 1 1 0 0 0 0 0 1 0 1 1 0 0 0 0 0 0 0 0 0 0 1 0 0 0 1 0 0 0 0 0 0 0 0 4.899050712585449
0 0 0 1 1 1 0 0 1 1 0 0 0 0 1 1 0 1 1 0 0 0 0 0 0 0 0 0 0 1 0 0 0 1 0 0 0 0 0 0 0 0 5.127427101135254
0 0 0 1 1 1 0 0 1 1 0 0 0 0 1 1 0 1 1 0 0 0 0 0 0 1 0 0 0 1 0 0 0 1 0 0 0 0 0 0 0 0 5.323141574859619
0 0 0 1 1 1 0 0 1 1 0 0 0 0 1 1 0 1 1 0 0 0 0 0 0 1 0 0 0 1 1 0 0 1 0 0 0 0 0 0 0 0 5.519736289978027
0 0 0 1 1 1 0 0 1 1 0 0 0 0 1 1 0 1 1 0 0 0 0 0 0 1 0 0 0 1 1 0 0 1 0 0 0 0 0 1 0 0 5.655764579772949
0 0 0 1 1 1 0 0 1 1 0 0 0 0 1 1 0 1 1 0 0 0 0 0 0 1 0 0 0 1 1 0 0 1 1 0 0 0 0 1 0 0 5.759790420532227
0 0 0 1 1 1 0 0 1 1 0 0 0 0 1 1 0 1 1 0 0 0 0 0 0 1 1 0 0 1 1 0 0 1 1 0 0 0 0 1 0 0 5.876926422119141
0 0 1 1 1 1 0 0 1 1 0 0 0 0 1 1 0 1 1 0 0 0 0 0 0 1 1 0 0 1 1 0 0 1 1 0 0 0 0 1 0 0 6.056728363037109
0 0 1 1 1 1 0 0 1 1 0 0 0 0 1 1 0 1 1 0 1 0 0 0 0 1 1 0 0 1 1 0 0 1 1 0 0 0 0 1 0 0 6.177060127258301
0 0 1 1 1 1 0 0 1 1 0 0 0 0 1 0 0 1 1 0 1 0 0 0 0 1 1 0 0 1 1 0 0 1 1 0 0 0 0 1 0 0 6.2462263107299805
0 0 1 1 1 1 0 0 1 1 0 0 0 0 1 0 0 1 1 0 1 0 0 0 0 1 1 0 0 0 1 0 0 1 1 0 0 0 0 1 0 0 6.339277744293213
0 0 1 1 1 1 0 0 1 1 0 1 0 0 1 0 0 1 1 0 1 0 0 0 0 1 1 0 0 0 1 0 0 1 1 0 0 0 0 1 0 0 6.398136138916016
0 0 1 1 1 1 0 0 0 1 0 1 0 0 1 0 0 1 1 0 1 0 0 0 0 1 1 0 0 0 1 0 0 1 1 0 0 0 0 1 0 0 6.4477715492248535
0 0 1 1 1 1 0 0 0 1 0 1 0 0 1 0 0 1 1 0 1 0 0 0 1 1 1 0 0 0 1 0 0 1 1 0 0 0 0 1 0 0 6.481141090393066
0 0 1 1 1 1 0 0 0 1 0 1 0 0 1 0 0 1 1 0 1 0 0 0 1 1 1 0 0 0 1 0 0 1 1 0 0 0 0 0 0 0 6.497195243835449
0 0 1 1 1 0 0 0 0 1 0 1 0 0 1 0 0 1 1 0 1 0 0 0 1 1 1 0 0 0 1 0 0 1 1 0 0 0 0 0 0 0 6.511287689208984
0 0 1 1 1 0 0 0 0 1 0 1 0 0 1 0 0 1 1 0 1 0 0 0 1 1 1 0 0 0 1 0 0 1 1 1 0 0 0 0 0 0 6.498219013214111
0 0 1 1 1 0 0 0 0 1 1 0 0 0 0 1 0 1 0 0 0 0 0 0 0 0 0 0 1 1 0 0 0 1 1 0 0 0 0 0 0 0 5.443851470947266
0 0 1 1 1 0 0 0 0 1 1 0 0 0 1 1 0 1 0 0 0 0 0 0 0 0 0 0 1 1 0 0 0 1 1 0 0 0 0 0 0 0 5.578927040100098
0 0 1 1 1 0 0 0 0 1 1 0 0 0 1 1 0 1 0 0 0 0 0 0 0 0 0 0 1 1 0 0 0 1 1 0 0 0 0 1 0 0 5.739521026611328
0 0 1 1 1 0 0 0 0 1 1 0 0 0 1 1 0 1 0 0 0 0 0 0 0 0 0 0 1 1 0 0 1 1 1 0 0 0 0 1 0 0 5.861952304840088
0 0 1 1 1 0 0 0 0 1 1 0 0 0 1 1 0 1 0 0 0 0 0 0 0 0 0 0 1 1 1 0 1 1 1 0 0 0 0 1 0 0 6.069660663604736
0 0 1 1 1 0 0 0 0 1 1 0 0 0 1 1 0 1 1 0 0 0 0 0 0 0 0 0 1 1 1 0 1 1 1 0 0 0 0 1 0 0 6.142021179199219
0 0 1 1 1 0 0 0 0 1 0 0 0 0 1 1 0 1 1 0 0 0 0 0 0 0 0 0 1 1 1 0 1 1 1 0 0 0 0 1 0 0 6.151458263397217
0 0 1 1 1 0 0 0 0 1 0 0 0 0 1 1 0 1 1 0 0 0 0 0 0 1 0 0 1 1 1 0 1 1 1 0 0 0 0 1 0 0 6.293281078338623
0 0 1 1 1 0 0 0 0 1 0 0 0 0 1 1 0 1 1 0 0 0 0 0 0 1 0 0 1 0 1 0 1 1 1 0 0 0 0 1 0 0 6.314604759216309
0 0 1 1 1 0 0 0 0 1 0 0 0 0 1 1 0 1 1 0 0 0 0 0 0 1 0 0 1 1 1 0 1 1 1 0 0 0 0 1 0 0 6.293281078338623
0 1 0 0 1 1 0 0 0 1 0 0 0 1 0 0 0 0 0 0 1 1 0 0 0 0 0 0 1 0 0 0 1 0 1 1 0 0 0 0 0 0 3.533480405807495
0 1 0 0 1 1 0 0 0 1 0 0 0 1 0 0 0 1 0 0 1 1 0 0 0 0 0 0 1 0 0 0 1 0 1 1 0 0 0 0 0 0 3.9686484336853027
0 1 0 0 1 1 0 0 0 1 0 0 0 1 0 0 0 1 0 0 1 0 0 0 0 0 0 0 1 0 0 0 1 0 1 1 0 0 0 0 0 0 4.445326328277588
0 0 0 0 1 1 0 0 0 1 0 0 0 1 0 0 0 1 0 0 1 0 0 0 0 0 0 0 1 0 0 0 1 0 1 1 0 0 0 0 0 0 4.706115245819092
0 0 0 0 1 0 0 0 0 1 0 0 0 1 0 0 0 1 0 0 1 0 0 0 0 0 0 0 1 0 0 0 1 0 1 1 0 0 0 0 0 0 4.917532444000244
0 0 0 0 1 0 0 0 0 1 0 0 0 1 0 0 0 1 0 0 1 0 0 0 0 0 0 0 1 0 0 0 1 0 1 1 0 0 0 1 0 0 5.1215925216674805
0 0 0 0 1 0 0 0 0 1 0 0 0 1 1 0 0 1 0 0 1 0 0 0 0 0 0 0 1 0 0 0 1 0 1 1 0 0 0 1 0 0 5.393411159515381
0 0 0 0 1 0 0 0 0 1 0 0 0 0 1 0 0 1 0 0 1 0 0 0 0 0 0 0 1 0 0 0 1 0 1 1 0 0 0 1 0 0 5.532860279083252
0 0 0 0 1 0 0 0 0 1 0 0 0 0 1 0 0 1 0 0 1 0 0 0 0 1 0 0 1 0 0 0 1 0 1 1 0 0 0 1 0 0 5.851901054382324
0 0 0 0 1 0 0 0 1 1 0 0 0 0 1 0 0 1 0 0 1 0 0 0 0 1 0 0 1 0 0 0 1 0 1 1 0 0 0 1 0 0 6.012349605560303
0 0 0 0 1 0 0 1 1 1 0 0 0 0 1 0 0 1 0 0 1 0 0 0 0 1 0 0 1 0 0 0 1 0 1 1 0 0 0 1 0 0 6.178123950958252
0 0 0 0 1 0 0 1 1 1 1 0 0 0 1 0 0 1 0 0 1 0 0 0 0 1 0 0 1 0 0 0 1 0 1 1 0 0 0 1 0 0 6.271724224090576
0 0 0 0 1 0 0 1 1 1 1 0 0 0 1 0 0 1 0 0 1 0 0 0 0 1 0 0 1 0 0 0 1 0 1 1 0 0 0 1 1 0 6.420258045196533
0 0 0 0 1 0 0 1 1 1 1 0 0 0 1 0 0 1 0 0 1 0 0 0 0 1 0 0 1 0 0 0 1 0 1 0 0 0 0 1 1 0 6.573757171630859
0 0 0 0 1 0 0 1 1 1 1 0 0 0 1 0 0 1 0 0 1 0 0 0 0 1 0 0 1 0 0 0 1 0 1 0 0 0 1 1 1 0 6.631680965423584
0 0 0 0 1 0 0 1 1 1 1 0 0 0 1 1 0 1 0 0 1 0 0 0 0 1 0 0 1 0 0 0 1 0 1 0 0 0 1 1 1 0 6.720902442932129
0 0 0 0 1 0 0 1 1 1 1 0 0 0 1 1 0 1 0 0 1 0 0 0 0 1 0 1 1 0 0 0 1 0 1 0 0 0 1 1 1 0 6.869904518127441
0 0 0 0 1 0 1 1 1 1 1 0 0 0 1 1 0 1 0 0 1 0 0 0 0 1 0 1 1 0 0 0 1 0 1 0 0 0 1 1 1 0 6.921629428863525
0 0 0 0 1 0 1 1 1 1 1 0 0 0 1 1 1 1 0 0 1 0 0 0 0 1 0 1 1 0 0 0 1 0 1 0 0 0 1 1 1 0 7.083009243011475
1 0 0 0 1 0 1 1 1 1 1 0 0 0 1 1 1 1 0 0 1 0 0 0 0 1 0 1 1 0 0 0 1 0 1 0 0 0 1 1 1 0 7.2024736404418945
1 0 0 0 1 0 1 1 1 1 1 0 0 0 1 1 1 1 0 0 0 0 0 0 0 1 0 1 1 0 0 0 1 0 1 0 0 0 1 1 1 0 7.302857398986816
1 0 0 0 0 0 1 1 1 1 1 0 0 0 1 1 1 1 0 0 0 0 0 0 0 1 0 1 1 0 0 0 1 0 1 0 0 0 1 1 1 0 7.455712795257568
1 0 0 0 0 0 1 1 1 1 1 0 0 0 1 1 1 1 0 0 0 0 0 0 0 1 0 1 1 0 0 0 1 0 1 0 0 0 1 1 1 1 7.419629096984863
0 1 0 1 1 0 0 0 1 1 0 0 0 0 0 1 0 0 1 0 0 0 0 0 0 0 0 1 0 1 0 0 0 1 0 0 0 1 0 0 0 0 3.6529600620269775
0 1 0 1 1 0 0 0 1 1 0 0 0 0 0 1 0 1 1 0 0 0 0 0 0 0 0 1 0 1 0 0 0 1 0 0 0 1 0 0 0 0 4.093505859375
0 1 0 1 1 0 0 0 1 1 0 0 0 0 0 1 0 1 1 0 0 0 0 0 0 0 0 1 0 1 0 0 0 1 0 0 0 0 0 0 0 0 4.412764072418213
0 1 0 1 1 0 0 0 1 1 0 0 0 0 0 1 0 1 1 0 0 0 0 0 0 0 0 1 1 1 0 0 0 1 0 0 0 0 0 0 0 0 4.736423492431641
0 0 0 1 1 0 0 0 1 1 0 0 0 0 0 1 0 1 1 0 0 0 0 0 0 0 0 1 1 1 0 0 0 1 0 0 0 0 0 0 0 0 5.006749153137207
0 0 0 1 1 0 0 0 1 1 0 0 0 0 1 1 0 1 1 0 0 0 0 0 0 0 0 1 1 1 0 0 0 1 0 0 0 0 0 0 0 0 5.274250507354736
0 0 0 1 1 0 0 0 1 1 0 0 0 0 1 1 0 1 1 0 0 0 0 0 0 0 0 0 1 1 0 0 0 1 0 0 0 0 0 0 0 0 5.462576389312744
0 0 0 1 1 0 0 0 1 1 0 0 0 0 1 1 0 1 1 0 0 0 0 0 0 0 0 0 1 1 1 0 0 1 0 0 0 0 0 0 0 0 5.625692844390869
0 0 0 1 1 0 0 0 1 1 0 0 0 0 1 1 0 1 1 0 0 0 0 0 0 0 0 0 1 1 1 0 0 1 0 0 0 0 0 1 0 0 5.7948760986328125
0 0 0 1 1 0 0 0 1 1 0 0 0 0 1 1 0 1 1 0 0 0 0 0 0 1 0 0 1 1 1 0 0 1 0 0 0 0 0 1 0 0 5.836280822753906
0 0 0 1 1 0 0 0 1 1 0 0 0 0 1 1 0 1 1 0 0 0 0 0 0 1 0 0 1 1 1 0 0 1 1 0 0 0 0 1 0 0 5.9326677322387695
0 0 0 1 1 0 0 0 1 1 0 0 0 0 1 1 0 1 1 0 0 0 0 0 0 1 1 0 1 1 1 0 0 1 1 0 0 0 0 1 0 0 6.139853000640869
0 0 0 1 1 0 0 0 0 1 0 0 0 0 1 1 0 1 1 0 0 0 0 0 0 1 1 0 1 1 1 0 0 1 1 0 0 0 0 1 0 0 6.222714424133301
0 0 1 1 1 0 0 0 0 1 0 0 0 0 1 1 0 1 1 0 0 0 0 0 0 1 1 0 1 1 1 0 0 1 1 0 0 0 0 1 0 0 6.284886360168457
0 0 1 1 1 0 0 0 0 1 0 0 0 0 1 0 0 1 1 0 0 0 0 0 0 1 1 0 1 1 1 0 0 1 1 0 0 0 0 1 0 0 6.324292182922363
0 0 1 1 1 0 0 0 0 1 0 0 0 0 1 0 0 1 1 0 0 0 0 0 0 1 1 0 1 0 1 0 0 1 1 0 0 0 0 1 0 0 6.397463798522949
0 0 1 1 1 0 0 0 0 1 0 0 0 0 1 0 0 1 1 0 1 0 0 0 0 1 1 0 1 0 1 0 0 1 1 0 0 0 0 1 0 0 6.42559289932251
0 0 1 1 1 0 0 0 0 1 0 0 0 0 1 0 0 1 1 0 1 0 0 0 0 1 1 0 1 0 1 0 0 1 1 0 0 0 0 0 0 0 6.463221549987793
0 0 1 1 1 0 0 0 0 1 0 0 0 0 1 0 0 1 1 0 1 0 0 0 1 1 1 0 1 0 1 0 0 1 1 0 0 0 0 0 0 0 6.477949619293213
0 0 1 1 1 0 0 0 0 1 0 0 0 0 1 0 0 1 1 0 1 0 1 0 1 1 1 0 1 0 1 0 0 1 1 0 0 0 0 0 0 0 6.475597858428955
0 0 0 0 0 1 0 0 1 1 1 0 1 1 1 0 0 0 0 1 0 0 0 0 0 0 0 0 0 0 0 0 1 1 0 0 0 1 0 0 0 0 3.647097587585449
0 0 0 0 1 1 0 0 1 1 1 0 1 1 1 0 0 0 0 1 0 0 0 0 0 0 0 0 0 0 0 0 1 1 0 0 0 1 0 0 0 0 3.9690611362457275
0 0 0 0 1 1 0 0 1 1 1 0 1 1 1 0 0 0 0 1 0 0 0 0 0 0 0 0 0 0 0 0 1 1 0 0 0 0 0 0 0 0 4.318575382232666
0 0 0 0 1 1 0 0 1 1 1 0 1 1 1 0 0 0 0 1 0 0 0 0 0 0 0 0 0 0 0 0 1 1 0 0 0 0 0 1 0 0 4.632412910461426
0 0 0 0 1 1 0 0 1 1 1 0 1 1 1 1 0 0 0 1 0 0 0 0 0 0 0 0 0 0 0 0 1 1 0 0 0 0 0 1 0 0 4.819365978240967
0 0 0 0 1 0 0 0 1 1 1 0 1 1 1 1 0 0 0 1 0 0 0 0 0 0 0 0 0 0 0 0 1 1 0 0 0 0 0 1 0 0 5.021058559417725
0 0 0 0 1 0 0 0 1 1 1 0 1 0 1 1 0 0 0 1 0 0 0 0 0 0 0 0 0 0 0 0 1 1 0 0 0 0 0 1 0 0 5.270254135131836
0 0 0 0 1 0 0 0 1 1 1 0 1 0 1 1 0 0 0 0 0 0 0 0 0 0 0 0 0 0 0 0 1 1 0 0 0 0 0 1 0 0 5.5654449462890625
0 0 0 0 1 0 0 0 1 1 1 0 0 0 1 1 0 0 0 0 0 0 0 0 0 0 0 0 0 0 0 0 1 1 0 0 0 0 0 1 0 0 5.814535140991211
0 0 0 0 1 0 0 0 1 1 1 0 0 0 1 1 0 0 0 0 0 0 0 0 0 0 0 0 0 0 0 0 1 1 0 0 0 0 0 1 1 0 6.077188014984131
0 0 0 0 1 0 0 0 1 1 1 0 0 0 1 1 0 0 0 0 0 0 0 0 0 1 0 0 0 0 0 0 1 1 0 0 0 0 0 1 1 0 6.218780994415283
0 0 0 0 1 0 0 1 1 1 1 0 0 0 1 1 0 0 0 0 0 0 0 0 0 1 0 0 0 0 0 0 1 1 0 0 0 0 0 1 1 0 6.398711204528809
0 0 0 0 1 0 0 1 1 1 1 0 0 0 1 1 0 0 0 0 0 0 0 0 0 1 0 0 0 0 0 0 1 1 1 0 0 0 0 1 1 0 6.559783458709717
0 0 0 0 1 0 0 1 1 1 1 0 0 0 1 1 0 1 0 0 0 0 0 0 0 1 0 0 0 0 0 0 1 1 1 0 0 0 0 1 1 0 6.7168660163879395
0 0 0 0 1 0 0 1 1 1 1 0 0 0 1 1 0 1 0 0 0 0 0 0 0 1 0 0 0 0 1 0 1 1 1 0 0 0 0 1 1 0 6.864398956298828
0 0 0 0 1 0 0 1 1 1 1 0 0 0 1 1 0 1 0 0 0 0 0 0 0 1 0 1 0 0 1 0 1 1 1 0 0 0 0 1 1 0 6.866150856018066
0 0 0 0 1 0 0 1 1 1 1 0 0 0 1 1 0 1 0 0 1 0 0 0 0 1 0 1 0 0 1 0 1 1 1 0 0 0 0 1 1 0 6.9072723388671875
0 0 0 0 1 0 1 1 1 1 1 0 0 0 1 1 0 1 0 0 1 0 0 0 0 1 0 1 0 0 1 0 1 1 1 0 0 0 0 1 1 0 6.998582363128662
0 0 0 0 1 0 1 1 1 1 1 0 0 0 1 1 0 1 0 0 1 0 0 0 0 1 0 1 1 0 1 0 1 1 1 0 0 0 0 1 1 0 7.047583103179932
0 0 0 0 1 0 1 1 1 1 1 0 0 0 1 1 0 1 0 0 1 0 0 0 0 1 0 1 1 0 1 0 1 0 1 0 0 0 0 1 1 0 7.085422515869141
0 0 0 0 1 0 1 1 1 1 1 0 0 0 1 1 0 1 0 0 1 0 0 0 0 1 0 1 1 0 1 0 1 0 1 0 0 0 1 1 1 0 7.051456451416016
0 1 0 1 1 0 0 0 0 0 0 0 0 1 0 0 0 0 1 0 0 0 0 0 0 1 0 0 0 1 0 0 0 0 0 0 0 0 1 0 0 1 3.4996087551116943
0 1 0 1 1 0 0 0 0 0 0 0 0 1 0 0 0 1 1 0 0 0 0 0 0 1 0 0 0 1 0 0 0 0 0 0 0 0 1 0 0 1 4.052491188049316
0 1 0 1 1 0 0 0 0 1 0 0 0 1 0 0 0 1 1 0 0 0 0 0 0 1 0 0 0 1 0 0 0 0 0 0 0 0 1 0 0 1 4.4594621658325195
0 1 0 1 1 0 0 0 0 1 0 0 0 1 0 0 0 1 1 0 0 0 0 0 0 1 0 0 1 1 0 0 0 0 0 0 0 0 1 0 0 1 4.7526164054870605
0 1 1 1 1 0 0 0 0 1 0 0 0 1 0 0 0 1 1 0 0 0 0 0 0 1 0 0 1 1 0 0 0 0 0 0 0 0 1 0 0 1 4.923705101013184
0 1 1 1 1 0 0 0 0 1 0 0 0 1 1 0 0 1 1 0 0 0 0 0 0 1 0 0 1 1 0 0 0 0 0 0 0 0 1 0 0 1 5.084537982940674
0 1 1 1 1 0 0 0 0 1 0 0 0 1 1 0 0 1 1 0 0 0 0 0 0 1 0 0 1 1 0 0 0 0 1 0 0 0 1 0 0 1 5.242447853088379
0 1 1 1 1 0 0 0 0 1 0 0 0 1 1 0 0 1 1 0 0 0 0 0 0 1 0 0 1 1 0 0 0 1 1 0 0 0 1 0 0 1 5.347655773162842
0 1 1 1 1 0 0 0 0 1 0 0 0 1 1 0 0 1 1 0 0 0 0 0 0 1 0 0 1 1 0 0 0 1 1 0 0 0 0 0 0 1 5.4396514892578125
0 1 1 1 1 0 0 0 0 1 0 0 0 1 1 0 0 1 1 0 0 0 0 0 0 1 0 0 1 1 0 0 0 1 1 0 0 0 0 0 0 0 5.54201078414917
0 0 1 1 1 0 0 0 0 1 0 0 0 1 1 0 0 1 1 0 0 0 0 0 0 1 0 0 1 1 0 0 0 1 1 0 0 0 0 0 0 0 5.707456111907959
0 0 1 1 1 0 0 0 0 1 0 0 0 0 1 0 0 1 1 0 0 0 0 0 0 1 0 0 1 1 0 0 0 1 1 0 0 0 0 0 0 0 5.842332363128662
0 0 1 1 1 0 0 0 0 1 0 0 0 0 1 0 0 1 1 0 0 0 0 0 0 1 0 0 1 1 0 0 0 1 1 0 0 0 0 1 0 0 6.018755912780762
0 0 1 1 1 0 0 0 0 1 0 0 0 0 1 0 0 1 1 0 0 0 0 0 0 1 0 0 1 1 1 0 0 1 1 0 0 0 0 1 0 0 6.066673755645752
0 0 1 1 1 0 0 0 0 1 0 0 0 0 1 0 0 1 1 0 0 0 0 0 0 1 1 0 1 1 1 0 0 1 1 0 0 0 0 1 0 0 6.324292182922363
0 0 1 1 1 0 0 0 0 1 0 0 0 0 1 0 0 1 1 0 0 0 0 0 0 1 1 0 1 0 1 0 0 1 1 0 0 0 0 1 0 0 6.397463798522949
0 0 1 1 1 0 0 0 0 1 0 0 0 0 1 0 0 1 1 0 1 0 0 0 0 1 1 0 1 0 1 0 0 1 1 0 0 0 0 1 0 0 6.42559289932251
0 0 1 1 1 0 0 0 0 1 0 0 0 0 1 0 0 1 1 0 1 0 0 0 0 1 1 0 1 0 1 0 0 1 1 0 0 0 0 0 0 0 6.463221549987793
0 0 1 1 1 0 0 0 0 1 0 0 0 0 1 0 0 1 1 0 1 0 0 0 1 1 1 0 1 0 1 0 0 1 1 0 0 0 0 0 0 0 6.477949619293213
0 0 1 1 1 0 0 0 0 1 0 0 0 0 1 0 0 1 1 0 1 0 1 0 1 1 1 0 1 0 1 0 0 1 1 0 0 0 0 0 0 0 6.475597858428955
0 1 0 0 1 1 0 0 1 0 0 0 0 1 1 0 0 1 1 0 0 0 0 0 0 0 0 0 0 1 0 0 0 1 0 0 0 1 0 0 0 0 3.94944167137146
0 1 0 0 1 1 0 0 1 1 0 0 0 1 1 0 0 1 1 0 0 0 0 0 0 0 0 0 0 1 0 0 0 1 0 0 0 1 0 0 0 0 4.346770286560059
0 1 0 0 1 1 0 0 1 1 0 0 0 1 1 0 0 1 1 0 0 0 0 0 0 0 0 0 0 1 0 0 0 1 0 0 0 0 0 0 0 0 4.684854984283447
0 1 1 0 1 1 0 0 1 1 0 0 0 1 1 0 0 1 1 0 0 0 0 0 0 0 0 0 0 1 0 0 0 1 0 0 0 0 0 0 0 0 5.043357849121094
0 1 1 0 1 1 0 0 1 1 0 0 0 1 1 0 0 1 1 0 0 0 0 0 0 0 1 0 0 1 0 0 0 1 0 0 0 0 0 0 0 0 5.1259050369262695
0 1 1 0 1 1 0 0 1 1 0 0 0 1 1 0 0 1 1 0 0 0 0 0 0 0 1 0 0 1 0 0 0 1 1 0 0 0 0 0 0 0 5.428835391998291
0 1 1 0 1 1 0 0 1 1 0 0 0 1 1 0 0 1 1 0 0 0 0 0 0 1 1 0 0 1 0 0 0 1 1 0 0 0 0 0 0 0 5.584315776824951
0 1 1 0 1 1 0 0 1 1 0 0 0 1 1 0 0 1 1 0 0 0 0 0 0 1 1 0 0 1 1 0 0 1 1 0 0 0 0 0 0 0 5.726404666900635
0 0 1 0 1 1 0 0 1 1 0 0 0 1 1 0 0 1 1 0 0 0 0 0 0 1 1 0 0 1 1 0 0 1 1 0 0 0 0 0 0 0 5.933363437652588
0 0 1 0 1 1 0 0 1 1 0 0 0 0 1 0 0 1 1 0 0 0 0 0 0 1 1 0 0 1 1 0 0 1 1 0 0 0 0 0 0 0 6.0941548347473145
0 0 1 0 1 0 0 0 1 1 0 0 0 0 1 0 0 1 1 0 0 0 0 0 0 1 1 0 0 1 1 0 0 1 1 0 0 0 0 0 0 0 6.147377967834473
0 0 1 0 1 0 0 0 1 1 0 1 0 0 1 0 0 1 1 0 0 0 0 0 0 1 1 0 0 1 1 0 0 1 1 0 0 0 0 0 0 0 6.2005767822265625
0 0 1 1 1 0 0 0 1 1 0 1 0 0 1 0 0 1 1 0 0 0 0 0 0 1 1 0 0 1 1 0 0 1 1 0 0 0 0 0 0 0 6.205587863922119
0 0 1 1 1 0 0 0 1 1 0 1 0 0 1 0 0 1 1 0 1 0 0 0 0 1 1 0 0 1 1 0 0 1 1 0 0 0 0 0 0 0 6.363440036773682
0 0 1 1 1 0 0 0 1 1 0 1 0 0 1 0 0 1 1 0 1 0 0 0 0 1 1 0 0 0 1 0 0 1 1 0 0 0 0 0 0 0 6.461615562438965
0 0 1 1 1 0 0 0 1 1 0 1 0 0 1 0 0 1 1 0 1 0 0 0 1 1 1 0 0 0 1 0 0 1 1 0 0 0 0 0 0 0 6.496359825134277
0 0 1 1 1 0 0 0 0 1 0 1 0 0 1 0 0 1 1 0 1 0 0 0 1 1 1 0 0 0 1 0 0 1 1 0 0 0 0 0 0 0 6.511287689208984
0 0 1 1 1 0 0 0 0 1 0 1 0 0 1 0 0 1 1 0 1 0 0 0 1 1 1 0 0 0 1 0 0 1 1 1 0 0 0 0 0 0 6.498219013214111
0 0 0 0 0 1 0 0 1 0 0 0 0 0 1 0 1 1 0 0 1 0 0 0 0 0 0 0 0 1 0 0 0 1 1 0 0 0 0 0 0 0 4.534844398498535
0 0 0 0 0 1 0 0 1 0 0 0 0 0 1 0 1 1 0 0 1 0 0 0 0 0 0 0 0 1 0 0 0 1 1 0 0 0 0 1 0 0 4.957577705383301
0 0 0 0 0 1 0 0 1 1 0 0 0 0 1 0 1 1 0 0 1 0 0 0 0 0 0 0 0 1 0 0 0 1 1 0 0 0 0 1 0 0 5.476892948150635
0 0 0 0 0 1 0 1 1 1 0 0 0 0 1 0 1 1 0 0 1 0 0 0 0 0 0 0 0 1 0 0 0 1 1 0 0 0 0 1 0 0 5.757328510284424
0 0 0 0 0 1 0 1 1 1 0 0 0 0 1 0 1 1 0 0 1 0 0 0 0 0 0 1 0 1 0 0 0 1 1 0 0 0 0 1 0 0 5.923997402191162
0 0 0 0 0 1 0 1 1 1 0 0 0 0 1 0 1 1 0 0 1 0 0 0 0 0 0 1 0 0 0 0 0 1 1 0 0 0 0 1 0 0 6.056651592254639
0 0 0 0 0 1 0 1 1 1 0 0 0 0 1 0 1 1 0 0 1 0 0 0 0 0 0 1 0 0 0 0 1 1 1 0 0 0 0 1 0 0 6.234679222106934
0 0 0 0 0 1 0 1 1 1 0 0 0 0 1 1 1 1 0 0 1 0 0 0 0 0 0 1 0 0 0 0 1 1 1 0 0 0 0 1 0 0 6.242615699768066
0 0 0 0 0 1 0 1 1 1 0 0 0 0 1 1 1 1 0 0 1 0 0 1 0 0 0 1 0 0 0 0 1 1 1 0 0 0 0 1 0 0 6.270380020141602
0 0 0 0 0 1 0 1 1 1 0 0 0 0 1 1 1 1 1 0 1 0 0 1 0 0 0 1 0 0 0 0 1 1 1 0 0 0 0 1 0 0 6.329801559448242
0 0 0 0 0 1 0 1 1 1 0 0 0 0 1 1 1 1 1 0 1 0 0 1 0 0 0 1 0 0 1 0 1 1 1 0 0 0 0 1 0 0 6.462902545928955
0 0 0 0 0 1 1 1 1 1 0 0 0 0 1 1 1 1 1 0 1 0 0 1 0 0 0 1 0 0 1 0 1 1 1 0 0 0 0 1 0 0 6.478377342224121
0 0 0 0 0 1 1 1 1 1 0 0 0 0 1 1 1 1 1 0 1 0 0 1 0 0 0 1 1 0 1 0 1 1 1 0 0 0 0 1 0 0 6.620452404022217
0 0 0 0 0 1 1 1 1 1 0 0 0 0 1 1 1 1 1 0 1 0 0 1 0 0 0 1 1 0 1 0 1 1 1 1 0 0 0 1 0 0 6.588697910308838
0 0 0 1 1 0 0 0 0 0 0 1 0 0 0 0 0 1 1 1 0 0 0 0 0 0 1 0 1 1 0 0 0 0 0 0 0 0 1 0 0 1 4.226100921630859
0 0 1 1 1 0 0 0 0 0 0 1 0 0 0 0 0 1 1 1 0 0 0 0 0 0 1 0 1 1 0 0 0 0 0 0 0 0 1 0 0 1 4.598001003265381
0 0 1 1 1 0 0 0 0 1 0 1 0 0 0 0 0 1 1 1 0 0 0 0 0 0 1 0 1 1 0 0 0 0 0 0 0 0 1 0 0 1 4.895937919616699
0 0 1 1 1 0 0 0 0 1 0 1 0 0 0 0 0 1 1 1 0 0 0 0 0 1 1 0 1 1 0 0 0 0 0 0 0 0 1 0 0 1 5.109979152679443
0 0 1 1 1 0 0 0 0 1 0 1 0 0 0 0 0 1 1 1 0 0 0 0 0 1 1 0 1 1 1 0 0 0 0 0 0 0 1 0 0 1 5.372204303741455
0 0 1 1 1 0 0 0 0 1 0 1 0 0 0 0 0 1 1 1 0 0 0 0 0 1 1 0 1 1 1 0 0 0 0 0 0 0 0 0 0 1 5.557182788848877
0 0 1 1 1 0 0 0 0 1 0 1 0 0 0 0 0 1 1 1 0 0 0 0 0 1 1 0 1 1 1 0 0 0 0 0 0 0 0 0 0 0 5.837713241577148
0 0 1 1 1 0 0 0 0 1 0 1 0 0 0 0 0 1 1 1 0 0 0 0 0 1 1 0 1 1 1 0 0 0 1 0 0 0 0 0 0 0 5.982022762298584
0 0 1 1 1 0 0 0 0 1 0 1 0 0 0 0 0 1 1 1 0 0 0 0 0 1 1 0 1 1 1 0 0 1 1 0 0 0 0 0 0 0 6.1850175857543945
0 0 1 1 1 0 0 0 0 1 0 1 0 0 1 0 0 1 1 1 0 0 0 0 0 1 1 0 1 1 1 0 0 1 1 0 0 0 0 0 0 0 6.354723930358887
0 0 1 1 1 0 0 0 0 1 0 1 0 0 1 0 0 1 1 1 0 0 0 0 0 1 1 0 1 0 1 0 0 1 1 0 0 0 0 0 0 0 6.387292385101318
0 0 1 1 1 0 0 0 0 1 0 1 0 0 1 0 0 1 1 1 0 0 0 0 1 1 1 0 1 0 1 0 0 1 1 0 0 0 0 0 0 0 6.473016738891602
0 0 1 1 1 0 0 0 0 1 0 1 0 0 1 0 0 1 1 1 1 0 0 0 1 1 1 0 1 0 1 0 0 1 1 0 0 0 0 0 0 0 6.483983993530273
0 0 1 1 1 0 0 0 0 1 0 1 0 0 1 0 0 1 1 1 1 0 1 0 1 1 1 0 1 0 1 0 0 1 1 0 0 0 0 0 0 0 6.502561092376709
0 0 1 1 1 0 0 0 0 1 0 1 0 0 1 0 0 1 1 1 1 0 1 0 1 1 1 0 1 0 1 0 0 1 1 0 0 0 0 1 0 0 6.484035491943359
