0 0 1 0 1 1 0 0 1 0 0 0 0 1 1 1 0 0 0 0 0 0 0 0 0 0 1 0 0 1 0 0 0 1 1 0 0 0 0 0 0 0 4.593101978302002
0 0 1 0 1 1 0 0 1 0 0 0 0 1 1 1 0 0 1 0 0 0 0 0 0 0 1 0 0 1 0 0 0 1 1 0 0 0 0 0 0 0 5.097675800323486
0 0 1 0 1 1 0 0 1 0 0 0 0 1 1 0 0 0 1 0 0 0 0 0 0 0 1 0 0 1 0 0 0 1 1 0 0 0 0 0 0 0 5.35947847366333
0 0 1 0 1 1 0 0 1 0 0 0 0 1 1 0 0 0 1 0 1 0 0 0 0 0 1 0 0 1 0 0 0 1 1 0 0 0 0 0 0 0 5.629644393920898
0 0 1 0 1 1 0 0 1 0 0 0 0 1 1 0 0 0 1 0 1 0 0 0 0 0 1 0 0 1 1 0 0 1 1 0 0 0 0 0 0 0 5.818375587463379
0 0 1 0 1 1 0 0 1 0 0 0 0 1 1 0 0 1 1 0 1 0 0 0 0 0 1 0 0 1 1 0 0 1 1 0 0 0 0 0 0 0 5.979095458984375
0 0 1 0 1 1 0 0 1 0 0 0 0 1 1 0 0 1 1 0 1 0 0 0 0 0 1 0 0 1 1 0 0 1 1 0 0 0 0 1 0 0 6.281217575073242
0 0 1 1 1 1 0 0 1 0 0 0 0 1 1 0 0 1 1 0 1 0 0 0 0 0 1 0 0 1 1 0 0 1 1 0 0 0 0 1 0 0 6.364716529846191
0 0 1 1 1 1 1 0 1 0 0 0 0 1 1 0 0 1 1 0 1 0 0 0 0 0 1 0 0 1 1 0 0 1 1 0 0 0 0 1 0 0 6.434060573577881
0 0 1 1 1 1 1 0 1 0 0 0 0 1 1 0 0 1 1 0 1 0 0 0 0 1 1 0 0 1 1 0 0 1 1 0 0 0 0 1 0 0 6.559120178222656
0 0 1 1 1 1 1 0 1 0 0 0 0 1 1 0 0 1 1 0 1 0 0 0 0 1 1 0 1 1 1 0 0 1 1 0 0 0 0 1 0 0 6.581873893737793
0 0 1 1 1 1 1 0 1 0 0 0 0 1 0 0 0 1 1 0 1 0 0 0 0 1 1 0 1 1 1 0 0 1 1 0 0 0 0 1 0 0 6.56331205368042
0 0 1 0 1 0 0 0 0 1 1 0 0 0 0 1 0 0 1 1 0 0 0 0 0 1 0 0 0 1 0 0 0 1 0 0 0 0 0 0 0 1 4.260775089263916
0 0 1 0 1 0 0 0 0 1 1 0 0 0 0 1 0 0 1 1 0 0 0 0 0 1 0 0 0 1 0 0 1 1 0 0 0 0 0 0 0 1 4.514308929443359
0 0 1 0 1 0 0 0 0 1 1 0 0 0 0 1 0 0 1 1 0 0 0 0 0 1 0 0 0 1 0 0 1 1 0 0 0 0 0 1 0 1 4.919060230255127
0 0 1 0 1 0 0 0 0 1 1 0 0 0 1 1 0 0 1 1 0 0 0 0 0 1 0 0 0 1 0 0 1 1 0 0 0 0 0 1 0 1 5.190457344055176
0 0 0 0 1 0 0 0 0 1 1 0 0 0 1 1 0 0 1 1 0 0 0 0 0 1 0 0 0 1 0 0 1 1 0 0 0 0 0 1 0 1 5.461992263793945
0 0 0 0 1 0 0 0 0 1 1 0 0 0 1 1 0 0 0 1 0 0 0 0 0 1 0 0 0 1 0 0 1 1 0 0 0 0 0 1 0 1 5.74452018737793
0 0 0 0 1 0 0 0 0 1 1 0 0 0 1 1 0 1 0 1 0 0 0 0 0 1 0 0 0 1 0 0 1 1 0 0 0 0 0 1 0 1 5.922333240509033
0 0 0 0 1 0 0 0 0 1 1 0 0 0 1 1 0 1 0 1 0 0 0 0 0 1 0 0 1 1 0 0 1 1 0 0 0 0 0 1 0 1 5.995319843292236
0 0 0 0 1 0 0 0 0 1 1 0 0 1 1 1 0 1 0 1 0 0 0 0 0 1 0 0 1 1 0 0 1 1 0 0 0 0 0 1 0 1 6.010397434234619
0 0 0 0 1 0 0 0 0 1 1 0 1 1 1 1 0 1 0 1 0 0 0 0 0 1 0 0 1 1 0 0 1 1 0 0 0 0 0 1 0 1 6.095190525054932
0 0 0 0 1 0 0 0 0 1 1 0 1 1 1 1 0 1 0 1 0 0 0 0 0 1 0 0 1 1 0 0 1 1 0 0 0 0 1 1 0 1 6.1032209396362305
1 0 0 0 1 0 0 0 0 1 1 0 1 1 1 1 0 1 0 1 0 0 0 0 0 1 0 0 1 1 0 0 1 1 0 0 0 0 1 1 0 1 6.1441650390625
1 0 0 0 1 0 0 0 0 1 1 0 1 1 1 1 0 1 0 1 0 0 0 0 0 1 0 0 0 1 0 0 1 1 0 0 0 0 1 1 0 1 6.157845973968506
1 0 0 0 1 0 0 0 0 1 1 0 1 1 1 1 0 1 0 1 0 0 0 0 0 1 0 0 1 1 0 0 1 1 0 0 0 0 1 1 0 1 6.1441650390625
0 0 0 0 0 1 0 0 1 0 0 0 0 0 0 0 1 1 0 0 1 1 0 0 0 0 1 0 1 0 1 0 0 0 0 1 0 0 0 1 0 0 3.8558459281921387
0 0 0 0 0 1 0 0 1 0 0 0 0 0 0 0 0 1 0 0 1 1 0 0 0 0 1 0 1 0 1 0 0 0 0 1 0 0 0 1 0 0 4.328132152557373
0 0 0 0 0 1 0 0 1 0 0 0 0 0 0 0 0 1 0 0 1 1 0 0 0 0 1 0 1 0 1 0 0 0 0 0 0 0 0 1 0 0 4.819407939910889
0 0 1 0 0 1 0 0 1 0 0 0 0 0 0 0 0 1 0 0 1 1 0 0 0 0 1 0 1 0 1 0 0 0 0 0 0 0 0 1 0 0 5.135219573974609
0 0 1 0 0 1 0 0 1 0 0 0 0 0 0 0 0 1 0 0 1 1 0 0 0 0 1 0 1 0 1 0 0 1 0 0 0 0 0 1 0 0 5.52887487411499
0 0 1 0 0 1 0 0 1 0 0 0 0 0 0 0 0 1 1 0 1 1 0 0 0 0 1 0 1 0 1 0 0 1 0 0 0 0 0 1 0 0 5.769927501678467
0 0 1 0 0 1 1 0 1 0 0 0 0 0 0 0 0 1 1 0 1 1 0 0 0 0 1 0 1 0 1 0 0 1 0 0 0 0 0 1 0 0 5.882253646850586
0 0 1 1 0 1 1 0 1 0 0 0 0 0 0 0 0 1 1 0 1 1 0 0 0 0 1 0 1 0 1 0 0 1 0 0 0 0 0 1 0 0 6.032754421234131
0 0 1 1 1 1 1 0 1 0 0 0 0 0 0 0 0 1 1 0 1 1 0 0 0 0 1 0 1 0 1 0 0 1 0 0 0 0 0 1 0 0 6.1934990882873535
0 0 1 1 1 1 1 0 1 0 0 0 0 0 0 0 0 1 1 0 1 1 0 0 0 1 1 0 1 0 1 0 0 1 0 0 0 0 0 1 0 0 6.292119979858398
0 0 1 1 1 1 1 0 1 0 0 0 0 0 0 0 0 1 1 0 1 1 0 0 0 1 1 0 1 0 1 0 0 1 1 0 0 0 0 1 0 0 6.352272987365723
0 0 1 1 1 1 1 0 1 0 0 0 0 0 0 0 0 1 1 0 1 0 0 0 0 1 1 0 1 0 1 0 0 1 1 0 0 0 0 1 0 0 6.486057281494141
0 0 1 1 1 1 1 0 1 0 0 0 0 0 0 0 0 1 1 0 1 0 1 0 0 1 1 0 1 0 1 0 0 1 1 0 0 0 0 1 0 0 6.608543395996094
0 0 1 1 1 1 1 0 1 0 0 1 0 0 0 0 0 1 1 0 1 0 1 0 0 1 1 0 1 0 1 0 0 1 1 0 0 0 0 1 0 0 6.756566047668457
0 0 1 1 1 1 1 1 1 0 0 1 0 0 0 0 0 1 1 0 1 0 1 0 0 1 1 0 1 0 1 0 0 1 1 0 0 0 0 1 0 0 6.866374969482422
0 0 1 1 1 1 1 1 1 0 0 1 0 0 0 0 0 1 1 0 1 0 1 0 0 1 1 0 0 0 1 0 0 1 1 0 0 0 0 1 0 0 6.937201976776123
0 0 1 1 1 1 1 1 1 0 0 1 0 1 0 0 0 1 1 0 1 0 1 0 0 1 1 0 0 0 1 0 0 1 1 0 0 0 0 1 0 0 6.951497554779053
0 0 1 1 1 1 1 1 1 0 0 1 0 0 0 0 0 1 1 0 1 0 1 0 0 1 1 0 0 0 1 0 0 1 1 0 0 0 0 1 0 0 6.937201976776123
0 0 0 0 1 0 0 0 0 0 0 0 0 0 1 1 0 0 1 1 0 0 0 0 0 1 1 0 0 1 0 1 0 1 0 0 0 0 0 0 0 1 4.114606857299805
0 0 0 0 1 0 0 0 0 0 1 0 0 0 1 1 0 0 1 1 0 0 0 0 0 1 1 0 0 1 0 1 0 1 0 0 0 0 0 0 0 1 4.475226879119873
0 0 0 0 1 0 0 0 0 0 1 0 0 0 1 1 0 0 1 1 0 0 0 0 0 1 1 0 1 1 0 1 0 1 0 0 0 0 0 0 0 1 4.683265686035156
0 0 0 0 1 0 0 0 0 0 1 0 0 0 1 1 0 0 1 1 0 0 0 0 0 1 1 0 1 1 0 1 1 1 0 0 0 0 0 0 0 1 4.947411060333252
0 0 0 0 1 0 0 0 0 0 1 0 0 0 1 1 0 0 1 1 0 0 0 0 0 1 1 0 1 1 0 0 1 1 0 0 0 0 0 0 0 1 5.085949897766113
0 0 0 0 1 0 0 0 0 0 1 0 0 0 1 1 0 0 1 1 0 0 0 0 0 1 1 0 1 1 0 0 1 1 0 0 0 0 0 1 0 1 5.220597267150879
0 0 0 0 1 0 1 0 0 0 1 0 0 0 1 1 0 0 1 1 0 0 0 0 0 1 1 0 1 1 0 0 1 1 0 0 0 0 0 1 0 1 5.368683815002441
0 0 0 0 1 0 1 0 1 0 1 0 0 0 1 1 0 0 1 1 0 0 0 0 0 1 1 0 1 1 0 0 1 1 0 0 0 0 0 1 0 1 5.481100082397461
0 0 0 0 1 0 1 0 1 0 1 0 0 0 1 1 0 0 1 1 0 0 0 0 0 1 1 0 1 1 0 0 1 1 1 0 0 0 0 1 0 1 5.568641185760498
0 0 0 0 1 0 1 0 1 0 1 0 0 1 1 1 0 0 1 1 0 0 0 0 0 1 1 0 1 1 0 0 1 1 1 0 0 0 0 1 0 1 5.697187423706055
0 0 0 0 1 1 1 0 1 0 1 0 0 1 1 1 0 0 1 1 0 0 0 0 0 1 1 0 1 1 0 0 1 1 1 0 0 0 0 1 0 1 5.701854228973389
0 0 0 0 1 1 1 0 1 0 1 0 0 1 1 1 0 0 1 1 0 0 0 0 0 1 1 0 1 1 1 0 1 1 1 0 0 0 0 1 0 1 5.701876640319824
0 0 0 0 1 1 1 0 1 0 1 0 0 1 1 1 0 0 1 1 0 0 0 0 0 1 1 0 1 1 1 0 1 1 1 0 0 0 0 1 0 0 5.72763204574585
0 0 0 0 1 0 1 0 1 0 1 0 0 1 1 1 0 0 1 1 0 0 0 0 0 1 1 0 1 1 1 0 1 1 1 0 0 0 0 1 0 0 5.722965240478516
0 0 0 0 0 1 0 0 1 1 0 0 0 1 0 0 1 1 0 0 0 0 0 0 1 1 0 0 0 1 0 0 0 0 1 0 0 0 0 1 0 0 3.8458597660064697
0 0 0 0 0 1 0 0 1 1 0 0 0 1 0 0 1 1 0 0 0 0 0 0 0 1 0 0 0 1 0 0 0 0 1 0 0 0 0 1 0 0 4.35006856918335
0 0 0 1 0 1 0 0 1 1 0 0 0 1 0 0 1 1 0 0 0 0 0 0 0 1 0 0 0 1 0 0 0 0 1 0 0 0 0 1 0 0 4.6537885665893555
0 1 0 1 0 1 0 0 1 1 0 0 0 1 0 0 1 1 0 0 0 0 0 0 0 1 0 0 0 1 0 0 0 0 1 0 0 0 0 1 0 0 5.032571792602539
0 1 0 1 0 1 0 0 1 1 0 0 0 1 0 0 0 1 0 0 0 0 0 0 0 1 0 0 0 1 0 0 0 0 1 0 0 0 0 1 0 0 5.168663024902344
0 1 1 1 0 1 0 0 1 1 0 0 0 1 0 0 0 1 0 0 0 0 0 0 0 1 0 0 0 1 0 0 0 0 1 0 0 0 0 1 0 0 5.351396560668945
0 1 1 1 0 1 0 0 1 1 0 0 0 1 0 0 0 1 0 0 0 0 0 0 0 1 1 0 0 1 0 0 0 0 1 0 0 0 0 1 0 0 5.519371509552002
0 1 1 1 0 1 0 0 1 0 0 0 0 1 0 0 0 1 0 0 0 0 0 0 0 1 1 0 0 1 0 0 0 0 1 0 0 0 0 1 0 0 5.646827220916748
0 1 1 1 0 1 0 0 1 0 0 0 0 1 0 0 0 1 0 0 0 0 0 0 0 1 1 0 0 1 1 0 0 0 1 0 0 0 0 1 0 0 5.808875560760498
0 1 1 1 0 1 0 0 1 0 0 0 0 1 0 0 0 1 1 0 0 0 0 0 0 1 1 0 0 1 1 0 0 0 1 0 0 0 0 1 0 0 5.9275431632995605
0 1 1 1 1 1 0 0 1 0 0 0 0 1 0 0 0 1 1 0 0 0 0 0 0 1 1 0 0 1 1 0 0 0 1 0 0 0 0 1 0 0 6.008335113525391
0 0 1 1 1 1 0 0 1 0 0 0 0 1 0 0 0 1 1 0 0 0 0 0 0 1 1 0 0 1 1 0 0 0 1 0 0 0 0 1 0 0 6.010553359985352
0 0 1 1 1 1 1 0 1 0 0 0 0 1 0 0 0 1 1 0 0 0 0 0 0 1 1 0 0 1 1 0 0 0 1 0 0 0 0 1 0 0 6.09088134765625
0 0 1 1 1 1 1 0 1 0 0 0 0 1 0 0 0 1 1 0 1 0 0 0 0 1 1 0 0 1 1 0 0 0 1 0 0 0 0 1 0 0 6.258629322052002
0 0 1 1 1 1 1 0 1 0 0 0 0 1 0 0 0 1 1 0 1 0 0 0 0 1 1 0 0 1 1 0 0 1 1 0 0 0 0 1 0 0 6.522194862365723
0 0 1 1 1 1 1 0 1 0 0 0 0 1 0 0 0 1 1 0 1 0 0 0 0 1 1 0 1 1 1 0 0 1 1 0 0 0 0 1 0 0 6.56331205368042
0 0 1 1 1 1 1 0 1 0 0 0 0 1 1 0 0 1 1 0 1 0 0 0 0 1 1 0 1 1 1 0 0 1 1 0 0 0 0 1 0 0 6.581873893737793
0 0 1 1 1 1 1 0 1 0 0 0 0 1 0 0 0 1 1 0 1 0 0 0 0 1 1 0 1 1 1 0 0 1 1 0 0 0 0 1 0 0 6.56331205368042
0 1 0 0 1 1 0 0 1 0 0 0 0 1 1 1 0 0 1 0 0 0 0 0 0 0 0 0 0 1 0 0 0 1 1 0 0 0 0 0 0 0 4.288289546966553
0 1 0 0 1 1 0 0 1 0 0 0 0 1 1 1 0 0 1 0 0 0 0 0 0 0 1 0 0 1 0 0 0 1 1 0 0 0 0 0 0 0 4.8639020919799805
0 1 0 0 1 1 0 0 1 0 0 0 0 1 1 0 0 0 1 0 0 0 0 0 0 0 1 0 0 1 0 0 0 1 1 0 0 0 0 0 0 0 5.083011627197266
0 1 0 0 1 1 0 0 1 0 0 0 0 1 1 0 0 0 1 0 1 0 0 0 0 0 1 0 0 1 0 0 0 1 1 0 0 0 0 0 0 0 5.236778259277344
0 1 0 0 1 1 0 0 1 0 0 0 0 1 1 0 0 1 1 0 1 0 0 0 0 0 1 0 0 1 0 0 0 1 1 0 0 0 0 0 0 0 5.412286758422852
0 1 0 0 1 1 0 0 1 0 0 0 0 1 1 0 0 1 1 0 1 0 0 0 0 0 1 0 0 1 0 0 0 1 1 0 0 0 0 1 0 0 5.602616310119629
0 0 0 0 1 1 0 0 1 0 0 0 0 1 1 0 0 1 1 0 1 0 0 0 0 0 1 0 0 1 0 0 0 1 1 0 0 0 0 1 0 0 5.833232879638672
0 0 0 0 1 1 0 0 1 0 0 0 0 1 1 0 0 1 1 0 1 0 0 0 0 0 1 0 0 1 1 0 0 1 1 0 0 0 0 1 0 0 5.951844692230225
0 0 1 0 1 1 0 0 1 0 0 0 0 1 1 0 0 1 1 0 1 0 0 0 0 0 1 0 0 1 1 0 0 1 1 0 0 0 0 1 0 0 6.281217575073242
0 0 1 1 1 1 0 0 1 0 0 0 0 1 1 0 0 1 1 0 1 0 0 0 0 0 1 0 0 1 1 0 0 1 1 0 0 0 0 1 0 0 6.364716529846191
0 0 1 1 1 1 1 0 1 0 0 0 0 1 1 0 0 1 1 0 1 0 0 0 0 0 1 0 0 1 1 0 0 1 1 0 0 0 0 1 0 0 6.434060573577881
0 0 1 1 1 1 1 0 1 0 0 0 0 1 1 0 0 1 1 0 1 0 0 0 0 1 1 0 0 1 1 0 0 1 1 0 0 0 0 1 0 0 6.559120178222656
0 0 1 1 1 1 1 0 1 0 0 0 0 1 1 0 0 1 1 0 1 0 0 0 0 1 1 0 1 1 1 0 0 1 1 0 0 0 0 1 0 0 6.581873893737793
0 0 1 1 1 1 1 0 1 0 0 0 0 1 0 0 0 1 1 0 1 0 0 0 0 1 1 0 1 1 1 0 0 1 1 0 0 0 0 1 0 0 6.56331205368042
0 1 0 0 1 0 0 0 0 1 1 0 0 0 0 1 0 1 0 0 0 0 0 0 0 0 0 0 1 1 0 0 1 1 1 0 0 0 0 0 0 0 4.316961288452148
0 1 0 0 1 0 0 0 0 1 1 0 0 0 0 1 0 1 0 1 0 0 0 0 0 0 0 0 1 1 0 0 1 1 1 0 0 0 0 0 0 0 4.800922870635986
0 1 0 0 1 0 0 0 0 1 1 0 0 0 1 1 0 1 0 1 0 0 0 0 0 0 0 0 1 1 0 0 1 1 1 0 0 0 0 0 0 0 5.103874683380127
0 1 0 0 1 0 0 0 0 1 1 0 0 0 1 1 0 1 0 1 0 0 0 0 0 0 0 0 1 1 0 0 1 1 1 0 0 0 0 1 0 0 5.344097137451172
0 0 0 0 1 0 0 0 0 1 1 0 0 0 1 1 0 1 0 1 0 0 0 0 0 0 0 0 1 1 0 0 1 1 1 0 0 0 0 1 0 0 5.63206672668457
0 0 0 0 1 0 0 0 0 1 1 0 0 0 1 1 0 1 0 1 0 0 0 0 0 0 0 0 1 1 0 0 1 1 0 0 0 0 0 1 0 0 5.824154376983643
0 0 0 0 1 0 0 0 0 1 1 0 0 0 1 1 0 1 0 1 0 0 0 0 0 1 0 0 1 1 0 0 1 1 0 0 0 0 0 1 0 0 5.927074432373047
0 0 0 0 1 0 0 0 0 1 1 0 0 1 1 1 0 1 0 1 0 0 0 0 0 1 0 0 1 1 0 0 1 1 0 0 0 0 0 1 0 0 6.017144203186035
0 0 0 0 1 0 0 0 0 1 1 0 1 1 1 1 0 1 0 1 0 0 0 0 0 1 0 0 1 1 0 0 1 1 0 0 0 0 0 1 0 0 6.037151336669922
0 0 0 0 1 0 0 0 0 1 1 0 1 1 1 1 0 1 0 1 0 0 0 0 0 1 0 0 1 1 0 0 1 1 0 0 0 0 0 1 0 1 6.095190525054932
0 0 0 0 1 0 0 0 0 1 1 0 1 1 1 1 0 1 0 1 0 0 0 0 0 1 0 0 1 1 0 0 1 1 0 0 0 0 1 1 0 1 6.1032209396362305
1 0 0 0 1 0 0 0 0 1 1 0 1 1 1 1 0 1 0 1 0 0 0 0 0 1 0 0 1 1 0 0 1 1 0 0 0 0 1 1 0 1 6.1441650390625
1 0 0 0 1 0 0 0 0 1 1 0 1 1 1 1 0 1 0 1 0 0 0 0 0 1 0 0 0 1 0 0 1 1 0 0 0 0 1 1 0 1 6.157845973968506
1 0 0 0 1 0 0 0 0 1 1 0 1 1 1 1 0 1 0 1 0 0 0 0 0 1 0 0 1 1 0 0 1 1 0 0 0 0 1 1 0 1 6.1441650390625
0 0 0 0 1 1 0 0 1 0 0 0 0 0 0 1 1 1 1 0 0 0 0 0 0 0 1 0 0 0 0 0 1 1 1 0 0 0 0 0 0 0 4.300838470458984
0 0 0 0 1 1 0 0 1 0 0 0 0 0 0 1 1 1 1 0 1 0 0 0 0 0 1 0 0 0 0 0 1 1 1 0 0 0 0 0 0 0 4.8022780418396
0 0 0 0 1 1 0 0 1 0 0 0 0 0 0 1 0 1 1 0 1 0 0 0 0 0 1 0 0 0 0 0 1 1 1 0 0 0 0 0 0 0 5.214576244354248
0 0 0 0 1 1 0 0 1 0 0 0 0 0 0 1 0 1 1 0 1 0 0 0 0 0 1 0 0 0 0 0 1 1 1 0 0 0 0 1 0 0 5.504637241363525
0 0 0 0 1 1 0 0 1 0 0 0 0 0 0 1 0 1 1 0 1 0 0 0 0 1 1 0 0 0 0 0 1 1 1 0 0 0 0 1 0 0 5.679973125457764
0 0 0 0 1 1 0 0 1 0 0 0 0 0 0 0 0 1 1 0 1 0 0 0 0 1 1 0 0 0 0 0 1 1 1 0 0 0 0 1 0 0 5.779623985290527
0 0 0 0 1 1 0 0 1 0 0 0 0 0 0 0 0 1 1 0 1 0 0 0 0 1 1 0 0 0 1 0 1 1 1 0 0 0 0 1 0 0 6.021949291229248
0 0 0 0 1 1 0 0 1 0 0 0 0 0 0 0 0 1 1 0 1 0 1 0 0 1 1 0 0 0 1 0 1 1 1 0 0 0 0 1 0 0 6.2450666427612305
0 0 0 0 1 1 1 0 1 0 0 0 0 0 0 0 0 1 1 0 1 0 1 0 0 1 1 0 0 0 1 0 1 1 1 0 0 0 0 1 0 0 6.400628089904785
0 0 0 0 1 1 1 0 1 0 0 1 0 0 0 0 0 1 1 0 1 0 1 0 0 1 1 0 0 0 1 0 1 1 1 0 0 0 0 1 0 0 6.604371070861816
0 0 0 0 1 1 1 1 1 0 0 1 0 0 0 0 0 1 1 0 1 0 1 0 0 1 1 0 0 0 1 0 1 1 1 0 0 0 0 1 0 0 6.715684413909912
0 0 1 0 1 1 1 1 1 0 0 1 0 0 0 0 0 1 1 0 1 0 1 0 0 1 1 0 0 0 1 0 1 1 1 0 0 0 0 1 0 0 6.811344623565674
0 0 1 1 1 1 1 1 1 0 0 1 0 0 0 0 0 1 1 0 1 0 1 0 0 1 1 0 0 0 1 0 1 1 1 0 0 0 0 1 0 0 6.875594139099121
0 0 1 1 1 1 1 1 1 0 0 1 0 0 0 0 0 1 1 0 1 0 1 0 0 1 1 0 0 0 1 0 0 1 1 0 0 0 0 1 0 0 6.937201976776123
0 0 1 1 1 1 1 1 1 0 0 1 0 1 0 0 0 1 1 0 1 0 1 0 0 1 1 0 0 0 1 0 0 1 1 0 0 0 0 1 0 0 6.951497554779053
0 0 1 1 1 1 1 1 1 0 0 1 0 0 0 0 0 1 1 0 1 0 1 0 0 1 1 0 0 0 1 0 0 1 1 0 0 0 0 1 0 0 6.937201976776123
0 1 0 0 1 0 0 0 0 1 1 0 0 0 1 1 0 0 1 0 0 0 0 0 0 1 0 0 0 1 0 0 0 1 0 0 0 0 0 0 0 1 4.277276992797852
0 1 0 0 1 0 0 0 0 1 1 0 0 0 1 1 0 0 1 0 0 0 0 0 0 1 0 0 0 1 0 0 1 1 0 0 0 0 0 0 0 1 4.848012924194336
0 1 0 0 1 0 0 0 0 1 1 0 0 0 1 1 0 0 0 0 0 0 0 0 0 1 0 0 0 1 0 0 1 1 0 0 0 0 0 0 0 1 5.204482555389404
0 1 0 0 1 0 0 0 0 1 1 0 0 0 1 1 0 1 0 0 0 0 0 0 0 1 0 0 0 1 0 0 1 1 0 0 0 0 0 0 0 1 5.501884460449219
0 1 0 0 1 0 0 0 0 1 1 0 0 0 1 1 1 1 0 0 0 0 0 0 0 1 0 0 0 1 0 0 1 1 0 0 0 0 0 0 0 1 5.6752214431762695
1 1 0 0 1 0 0 0 0 1 1 0 0 0 1 1 1 1 0 0 0 0 0 0 0 1 0 0 0 1 0 0 1 1 0 0 0 0 0 0 0 1 5.965739727020264
1 1 0 0 1 0 0 0 0 1 1 0 0 0 1 1 1 1 0 0 0 0 0 0 0 1 0 0 0 1 0 0 1 1 0 1 0 0 0 0 0 1 6.141453742980957
1 1 0 0 1 0 0 0 0 1 1 0 0 0 1 1 1 1 0 0 0 0 0 0 0 1 0 0 0 1 0 0 1 1 0 1 0 0 1 0 0 1 6.235138893127441
1 1 0 0 1 0 0 0 0 1 1 0 0 1 1 1 1 1 0 0 0 0 0 0 0 1 0 0 0 1 0 0 1 1 0 1 0 0 1 0 0 1 6.34468412399292
1 1 0 0 1 0 0 0 0 1 1 0 1 1 1 1 1 1 0 0 0 0 0 0 0 1 0 0 0 1 0 0 1 1 0 1 0 0 1 0 0 1 6.40645170211792
1 1 0 0 1 0 0 0 0 1 1 0 1 1 1 1 1 1 0 0 0 0 0 0 0 1 0 0 0 1 0 0 1 0 0 1 0 0 1 0 0 1 6.443574905395508
1 1 0 0 1 0 0 0 0 1 1 0 1 1 1 1 1 1 0 0 0 0 0 0 0 1 0 0 0 1 0 0 1 0 0 1 0 0 1 1 0 1 6.495545387268066
1 1 0 0 0 0 0 0 0 1 1 0 1 1 1 1 1 1 0 0 0 0 0 0 0 1 0 0 0 1 0 0 1 0 0 1 0 0 1 1 0 1 6.512413501739502
1 1 0 0 1 0 0 0 0 1 1 0 1 1 1 1 1 1 0 0 0 0 0 0 0 1 0 0 0 1 0 0 1 0 0 1 0 0 1 1 0 1 6.495545387268066
0 1 0 1 0 1 0 0 0 1 0 0 0 0 0 1 0 1 0 0 0 1 0 0 0 0 0 0 0 0 0 0 1 0 1 0 0 0 0 0 0 0 3.807692527770996
0 1 0 1 0 1 0 0 0 1 0 0 0 0 0 1 0 1 0 0 0 0 0 0 0 0 0 0 0 0 0 0 1 0 1 0 0 0 0 0 0 0 4.145567417144775
0 1 0 1 0 1 0 0 0 1 0 0 0 0 0 1 0 1 0 0 0 0 0 0 0 1 0 0 0 0 0 0 1 0 1 0 0 0 0 0 0 0 4.63440465927124
0 1 0 1 0 1 0 0 0 1 0 0 0 0 0 1 0 1 0 0 0 0 0 0 0 1 0 0 0 0 1 0 1 0 1 0 0 0 0 0 0 0 4.921298980712891
0 1 0 1 0 1 0 0 0 1 0 0 0 0 0 0 0 1 0 0 0 0 0 0 0 1 0 0 0 0 1 0 1 0 1 0 0 0 0 0 0 0 5.1416521072387695
0 1 0 1 0 1 0 1 0 1 0 0 0 0 0 0 0 1 0 0 0 0 0 0 0 1 0 0 0 0 1 0 1 0 1 0 0 0 0 0 0 0 5.22359037399292
0 1 0 1 0 1 0 1 0 1 0 0 0 0 0 0 0 1 0 0 1 0 0 0 0 1 0 0 0 0 1 0 1 0 1 0 0 0 0 0 0 0 5.362060546875
0 1 0 1 0 1 0 1 0 1 0 0 0 0 0 0 0 1 0 0 1 0 0 0 0 1 0 0 0 0 1 0 1 0 1 1 0 0 0 0 0 0 5.5756754875183105
0 1 0 1 0 1 0 1 0 1 0 0 0 0 0 0 0 1 0 0 1 0 0 0 0 1 1 0 0 0 1 0 1 0 1 1 0 0 0 0 0 0 5.672287940979004
0 1 0 1 0 1 0 1 1 1 0 0 0 0 0 0 0 1 0 0 1 0 0 0 0 1 1 0 0 0 1 0 1 0 1 1 0 0 0 0 0 0 5.702759265899658
0 1 0 1 0 1 0 1 1 1 0 0 0 0 0 0 0 1 0 0 1 0 1 0 0 1 1 0 0 0 1 0 1 0 1 1 0 0 0 0 0 0 5.744751930236816
0 1 0 1 0 1 0 1 1 1 0 1 0 0 0 0 0 1 0 0 1 0 1 0 0 1 1 0 0 0 1 0 1 0 1 1 0 0 0 0 0 0 5.860866546630859
0 1 0 1 0 1 0 1 1 0 0 1 0 0 0 0 0 1 0 0 1 0 1 0 0 1 1 0 0 0 1 0 1 0 1 1 0 0 0 0 0 0 5.926670074462891
0 1 0 1 0 1 0 1 1 0 0 1 0 0 0 0 0 1 1 0 1 0 1 0 0 1 1 0 0 0 1 0 1 0 1 1 0 0 0 0 0 0 5.987886905670166
0 1 0 1 1 1 0 1 1 0 0 1 0 0 0 0 0 1 1 0 1 0 1 0 0 1 1 0 0 0 1 0 1 0 1 1 0 0 0 0 0 0 6.0290446281433105
0 1 0 1 1 1 0 1 1 0 0 1 0 0 0 0 0 1 1 0 1 0 1 0 0 1 1 0 0 0 1 0 0 0 1 1 0 0 0 0 0 0 6.102016448974609
0 0 0 1 1 1 0 1 1 0 0 1 0 0 0 0 0 1 1 0 1 0 1 0 0 1 1 0 0 0 1 0 0 0 1 1 0 0 0 0 0 0 6.163734436035156
0 0 0 1 1 1 0 1 1 0 0 1 0 0 0 0 0 1 1 0 1 0 1 0 0 1 1 0 0 0 1 0 0 0 1 0 0 0 0 0 0 0 6.332067489624023
0 0 0 1 1 1 0 1 1 0 0 1 0 0 0 0 0 1 1 0 1 0 1 0 0 1 1 0 0 0 1 0 0 1 1 0 0 0 0 0 0 0 6.477578639984131
0 0 0 1 1 1 1 1 1 0 0 1 0 0 0 0 0 1 1 0 1 0 1 0 0 1 1 0 0 0 1 0 0 1 1 0 0 0 0 0 0 0 6.718207836151123
0 0 1 1 1 1 1 1 1 0 0 1 0 0 0 0 0 1 1 0 1 0 1 0 0 1 1 0 0 0 1 0 0 1 1 0 0 0 0 0 0 0 6.8544840812683105
0 0 1 1 1 1 1 1 1 0 0 1 0 0 0 0 0 1 1 0 1 0 1 0 0 1 1 0 0 0 1 0 0 1 1 0 0 0 0 1 0 0 6.937201976776123
0 0 1 1 1 1 1 1 1 0 0 1 0 1 0 0 0 1 1 0 1 0 1 0 0 1 1 0 0 0 1 0 0 1 1 0 0 0 0 1 0 0 6.951497554779053
0 0 1 1 1 1 1 1 1 0 0 1 0 0 0 0 0 1 1 0 1 0 1 0 0 1 1 0 0 0 1 0 0 1 1 0 0 0 0 1 0 0 6.937201976776123
0 0 0 0 0 1 0 0 1 0 0 0 0 1 1 0 0 0 1 0 0 0 0 0 0 0 1 0 0 1 0 0 0 1 1 0 0 0 0 0 0 0 4.937716960906982
0 0 0 0 1 1 0 0 1 0 0 0 0 1 1 0 0 0 1 0 0 0 0 0 0 0 1 0 0 1 0 0 0 1 1 0 0 0 0 0 0 0 5.217981338500977
0 0 0 0 1 1 0 0 1 0 0 0 0 1 1 0 0 0 1 0 0 0 0 0 0 0 1 0 0 1 1 0 0 1 1 0 0 0 0 0 0 0 5.38495397567749
0 0 1 0 1 1 0 0 1 0 0 0 0 1 1 0 0 0 1 0 0 0 0 0 0 0 1 0 0 1 1 0 0 1 1 0 0 0 0 0 0 0 5.6031494140625
0 0 1 0 1 1 0 0 1 0 0 0 0 1 1 0 0 1 1 0 0 0 0 0 0 0 1 0 0 1 1 0 0 1 1 0 0 0 0 0 0 0 5.833590984344482
0 0 1 0 1 1 0 0 1 0 0 0 0 1 1 0 0 1 1 0 0 0 0 0 0 0 1 0 0 1 1 0 0 1 1 0 0 0 0 1 0 0 6.093331813812256
0 0 1 0 1 1 0 0 1 0 0 0 0 1 1 0 0 1 1 0 1 0 0 0 0 0 1 0 0 1 1 0 0 1 1 0 0 0 0 1 0 0 6.281217575073242
0 0 1 1 1 1 0 0 1 0 0 0 0 1 1 0 0 1 1 0 1 0 0 0 0 0 1 0 0 1 1 0 0 1 1 0 0 0 0 1 0 0 6.364716529846191
0 0 1 1 1 1 1 0 1 0 0 0 0 1 1 0 0 1 1 0 1 0 0 0 0 0 1 0 0 1 1 0 0 1 1 0 0 0 0 1 0 0 6.434060573577881
0 0 1 1 1 1 1 0 1 0 0 0 0 1 1 0 0 1 1 0 1 0 0 0 0 1 1 0 0 1 1 0 0 1 1 0 0 0 0 1 0 0 6.559120178222656
0 0 1 1 1 1 1 0 1 0 0 0 0 1 1 0 0 1 1 0 1 0 0 0 0 1 1 0 1 1 1 0 0 1 1 0 0 0 0 1 0 0 6.581873893737793
0 0 1 1 1 1 1 0 1 0 0 0 0 1 0 0 0 1 1 0 1 0 0 0 0 1 1 0 1 1 1 0 0 1 1 0 0 0 0 1 0 0 6.56331205368042
0 0 1 0 1 0 0 0 0 0 1 0 0 0 1 1 0 0 0 1 1 0 0 0 0 0 0 0 0 1 0 1 1 1 0 0 0 0 0 0 0 0 4.139012813568115
0 0 1 0 1 0 0 0 0 0 1 0 0 0 1 1 0 0 0 1 1 0 0 0 0 0 0 0 0 1 0 0 1 1 0 0 0 0 0 0 0 0 4.5624680519104
0 0 0 0 1 0 0 0 0 0 1 0 0 0 1 1 0 0 0 1 1 0 0 0 0 0 0 0 0 1 0 0 1 1 0 0 0 0 0 0 0 0 4.820860385894775
0 0 0 0 1 0 0 0 0 1 1 0 0 0 1 1 0 0 0 1 1 0 0 0 0 0 0 0 0 1 0 0 1 1 0 0 0 0 0 0 0 0 5.043573379516602
0 0 0 0 1 0 0 0 0 1 1 0 0 0 1 1 0 0 0 1 1 0 0 0 0 0 0 0 0 1 0 0 1 1 0 0 0 0 0 1 0 0 5.383090019226074
0 0 0 0 1 0 0 0 0 1 1 0 0 0 1 1 0 0 0 1 0 0 0 0 0 0 0 0 0 1 0 0 1 1 0 0 0 0 0 1 0 0 5.608832836151123
0 0 0 0 1 0 0 0 0 1 1 0 0 0 1 1 0 1 0 1 0 0 0 0 0 0 0 0 0 1 0 0 1 1 0 0 0 0 0 1 0 0 5.739829063415527
0 0 0 0 1 0 0 0 0 1 1 0 0 0 1 1 0 1 0 1 0 0 0 0 0 1 0 0 0 1 0 0 1 1 0 0 0 0 0 1 0 0 5.852955341339111
0 0 0 0 1 0 0 0 0 1 1 0 0 1 1 1 0 1 0 1 0 0 0 0 0 1 0 0 0 1 0 0 1 1 0 0 0 0 0 1 0 0 5.932819366455078
0 0 0 0 1 0 0 0 0 1 1 0 0 1 1 1 0 1 0 1 0 0 0 0 0 1 0 0 1 1 0 0 1 1 0 0 0 0 0 1 0 0 6.017144203186035
0 0 0 0 1 0 0 0 0 1 1 0 1 1 1 1 0 1 0 1 0 0 0 0 0 1 0 0 1 1 0 0 1 1 0 0 0 0 0 1 0 0 6.037151336669922
0 0 0 0 1 0 0 0 0 1 1 0 1 1 1 1 0 1 0 1 0 0 0 0 0 1 0 0 1 1 0 0 1 1 0 0 0 0 0 1 0 1 6.095190525054932
0 0 0 0 1 0 0 0 0 1 1 0 1 1 1 1 0 1 0 1 0 0 0 0 0 1 0 0 1 1 0 0 1 1 0 0 0 0 1 1 0 1 6.1032209396362305
1 0 0 0 1 0 0 0 0 1 1 0 1 1 1 1 0 1 0 1 0 0 0 0 0 1 0 0 1 1 0 0 1 1 0 0 0 0 1 1 0 1 6.1441650390625
1 0 0 0 1 0 0 0 0 1 1 0 1 1 1 1 0 1 0 1 0 0 0 0 0 1 0 0 0 1 0 0 1 1 0 0 0 0 1 1 0 1 6.157845973968506
1 0 0 0 1 0 0 0 0 1 1 0 1 1 1 1 0 1 0 1 0 0 0 0 0 1 0 0 1 1 0 0 1 1 0 0 0 0 1 1 0 1 6.1441650390625
0 0 0 1 0 1 0 0 1 1 0 0 0 1 0 0 0 0 0 0 0 0 0 0 1 1 0 0 0 1 0 0 1 0 1 0 0 0 0 0 0 1 3.4417459964752197
0 0 0 1 0 1 0 0 1 1 0 0 0 1 0 0 0 0 0 0 0 0 0 0 0 1 0 0 0 1 0 0 1 0 1 0 0 0 0 0 0 1 3.9996984004974365
0 0 0 1 0 1 0 0 1 1 0 0 0 1 0 0 0 0 0 0 0 0 0 0 0 1 0 0 0 1 0 0 1 0 1 0 0 0 0 0 0 0 4.2637410163879395
0 0 0 1 0 1 0 0 1 1 0 0 0 1 0 0 0 1 0 0 0 0 0 0 0 1 0 0 0 1 0 0 1 0 1 0 0 0 0 0 0 0 4.760338306427002
0 1 0 1 0 1 0 0 1 1 0 0 0 1 0 0 0 1 0 0 0 0 0 0 0 1 0 0 0 1 0 0 1 0 1 0 0 0 0 0 0 0 5.146703720092773
0 1 0 1 0 1 0 0 1 1 0 0 0 1 0 0 0 1 0 0 0 0 0 0 0 1 0 0 0 1 1 0 1 0 1 0 0 0 0 0 0 0 5.317592620849609
0 1 0 1 0 1 0 0 1 1 0 0 0 1 0 0 0 1 0 0 0 0 0 0 0 1 1 0 0 1 1 0 1 0 1 0 0 0 0 0 0 0 5.414458751678467
0 1 1 1 0 1 0 0 1 1 0 0 0 1 0 0 0 1 0 0 0 0 0 0 0 1 1 0 0 1 1 0 1 0 1 0 0 0 0 0 0 0 5.477010726928711
0 1 1 1 0 1 0 0 1 1 0 0 0 1 0 0 0 1 0 0 0 0 0 0 0 1 1 0 0 1 1 0 1 0 1 0 0 0 0 1 0 0 5.629817962646484
1 1 1 1 0 1 0 0 1 1 0 0 0 1 0 0 0 1 0 0 0 0 0 0 0 1 1 0 0 1 1 0 1 0 1 0 0 0 0 1 0 0 5.692707538604736
0 1 1 1 0 1 0 0 1 1 0 0 0 1 0 0 0 1 0 0 0 0 0 0 0 1 1 0 0 1 1 0 1 0 1 0 0 0 0 1 0 0 5.629817962646484
0 0 1 1 1 0 0 0 0 0 0 0 0 1 0 0 0 0 1 1 0 0 0 0 0 1 0 1 0 1 0 0 0 0 0 0 0 0 1 0 0 1 3.073528289794922
0 0 1 1 1 0 0 0 0 0 0 0 0 1 0 0 0 0 1 1 0 0 0 0 0 1 0 1 0 1 0 0 0 0 0 0 0 0 1 1 0 1 3.3690919876098633
0 0 1 1 1 0 1 0 0 0 0 0 0 1 0 0 0 0 1 1 0 0 0 0 0 1 0 1 0 1 0 0 0 0 0 0 0 0 1 1 0 1 3.6764087677001953
0 0 1 1 1 0 1 0 0 0 0 0 0 1 0 0 0 0 1 1 0 0 0 0 0 1 0 0 0 1 0 0 0 0 0 0 0 0 1 1 0 1 3.9721686840057373
0 0 1 1 1 0 1 0 1 0 0 0 0 1 0 0 0 0 1 1 0 0 0 0 0 1 0 0 0 1 0 0 0 0 0 0 0 0 1 1 0 1 4.2457275390625
0 0 1 1 1 0 1 0 1 0 0 0 0 1 0 0 0 0 1 1 0 0 0 0 0 1 0 0 0 1 0 1 0 0 0 0 0 0 1 1 0 1 4.537195205688477
0 0 1 0 1 0 1 0 1 0 0 0 0 1 0 0 0 0 1 1 0 0 0 0 0 1 0 0 0 1 0 1 0 0 0 0 0 0 1 1 0 1 4.7214765548706055
0 0 1 0 0 0 1 0 1 0 0 0 0 1 0 0 0 0 1 1 0 0 0 0 0 1 0 0 0 1 0 1 0 0 0 0 0 0 1 1 0 1 4.923034191131592
0 0 1 0 0 0 1 0 1 0 0 0 0 1 0 0 0 0 1 1 0 0 0 0 0 1 0 0 1 1 0 1 0 0 0 0 0 0 1 1 0 1 5.059520721435547
0 0 1 0 0 0 1 0 1 0 0 0 0 1 0 0 0 0 1 1 0 0 0 0 0 1 0 0 1 1 0 1 1 0 0 0 0 0 1 1 0 1 5.221399307250977
0 0 1 0 0 0 1 0 1 1 0 0 0 1 0 0 0 0 1 1 0 0 0 0 0 1 0 0 1 1 0 1 1 0 0 0 0 0 1 1 0 1 5.278774261474609
1 0 1 0 0 0 1 0 1 1 0 0 0 1 0 0 0 0 1 1 0 0 0 0 0 1 0 0 1 1 0 1 1 0 0 0 0 0 1 1 0 1 5.299678802490234
1 0 1 0 0 0 1 0 1 1 0 0 0 1 0 0 0 0 1 1 0 0 0 0 0 1 0 0 1 0 0 1 1 0 0 0 0 0 1 1 0 1 5.316779613494873
1 0 1 0 0 0 1 0 1 1 0 0 0 1 0 0 0 0 1 1 0 0 0 0 0 1 0 0 1 0 0 1 1 0 0 0 0 0 1 1 0 0 5.337978363037109
1 0 1 0 0 0 1 0 1 1 0 0 0 0 0 0 0 0 1 1 0 0 0 0 0 1 0 0 1 0 0 1 1 0 0 0 0 0 1 1 0 0 5.416586875915527
1 0 0 0 0 0 1 0 1 1 0 0 0 0 0 0 0 0 1 1 0 0 0 0 0 1 0 0 1 0 0 1 1 0 0 0 0 0 1 1 0 0 5.5699262619018555
1 0 0 0 0 0 1 0 1 1 0 0 0 0 0 0 0 1 1 1 0 0 0 0 0 1 0 0 1 0 0 1 1 0 0 0 0 0 1 1 0 0 5.710089683532715
1 0 0 0 0 0 1 0 1 1 0 0 0 0 0 0 0 1 0 1 0 0 0 0 0 1 0 0 1 0 0 1 1 0 0 0 0 0 1 1 0 0 5.776703357696533
1 0 0 0 0 0 1 0 1 1 0 0 0 0 0 0 0 1 0 1 0 0 0 0 0 1 0 0 1 0 1 1 1 0 0 0 0 0 1 1 0 0 5.9077677726745605
1 0 0 0 0 0 1 0 1 1 0 0 0 0 0 0 0 1 0 1 0 0 0 0 0 1 0 0 0 0 1 1 1 0 0 0 0 0 1 1 0 0 5.928134918212891
1 0 0 0 0 0 1 0 1 1 0 0 0 0 0 0 1 1 0 1 0 0 0 0 0 1 0 0 0 0 1 1 1 0 0 0 0 0 1 1 0 0 5.939370632171631
1 0 0 0 0 0 1 0 1 1 0 0 0 0 0 0 1 1 0 0 0 0 0 0 0 1 0 0 0 0 1 1 1 0 0 0 0 0 1 1 0 0 5.932224750518799
0 0 0 0 1 0 0 0 1 0 1 0 0 0 1 1 0 0 0 1 0 0 0 0 0 0 0 0 1 1 1 0 1 1 0 0 0 0 0 0 0 0 4.914256572723389
0 0 0 0 1 0 0 0 1 1 1 0 0 0 1 1 0 0 0 1 0 0 0 0 0 0 0 0 1 1 1 0 1 1 0 0 0 0 0 0 0 0 5.13316535949707
0 0 0 0 1 0 0 0 1 1 1 0 0 0 1 1 0 0 0 1 0 0 0 0 0 0 0 0 1 1 1 0 1 1 0 0 0 0 0 1 0 0 5.368915557861328
0 0 0 0 1 0 0 0 1 1 1 0 0 0 1 1 0 0 0 1 0 0 0 0 0 0 0 0 1 1 0 0 1 1 0 0 0 0 0 1 0 0 5.591104030609131
0 0 0 0 1 0 0 0 1 1 1 0 0 0 1 1 0 1 0 1 0 0 0 0 0 0 0 0 1 1 0 0 1 1 0 0 0 0 0 1 0 0 5.789516925811768
0 0 0 0 1 0 0 0 1 1 1 0 0 0 1 1 0 1 0 1 0 0 0 0 0 1 0 0 1 1 0 0 1 1 0 0 0 0 0 1 0 0 5.884735584259033
0 0 0 0 1 0 0 0 1 1 1 0 0 1 1 1 0 1 0 1 0 0 0 0 0 1 0 0 1 1 0 0 1 1 0 0 0 0 0 1 0 0 5.982506275177002
0 0 0 0 1 0 0 0 0 1 1 0 0 1 1 1 0 1 0 1 0 0 0 0 0 1 0 0 1 1 0 0 1 1 0 0 0 0 0 1 0 0 6.017144203186035
0 0 0 0 1 0 0 0 0 1 1 0 1 1 1 1 0 1 0 1 0 0 0 0 0 1 0 0 1 1 0 0 1 1 0 0 0 0 0 1 0 0 6.037151336669922
0 0 0 0 1 0 0 0 0 1 1 0 1 1 1 1 0 1 0 1 0 0 0 0 0 1 0 0 1 1 0 0 1 1 0 0 0 0 0 1 0 1 6.095190525054932
0 0 0 0 1 0 0 0 0 1 1 0 1 1 1 1 0 1 0 1 0 0 0 0 0 1 0 0 1 1 0 0 1 1 0 0 0 0 1 1 0 1 6.1032209396362305
1 0 0 0 1 0 0 0 0 1 1 0 1 1 1 1 0 1 0 1 0 0 0 0 0 1 0 0 1 1 0 0 1 1 0 0 0 0 1 1 0 1 6.1441650390625
1 0 0 0 1 0 0 0 0 1 1 0 1 1 1 1 0 1 0 1 0 0 0 0 0 1 0 0 0 1 0 0 1 1 0 0 0 0 1 1 0 1 6.157845973968506
1 0 0 0 1 0 0 0 0 1 1 0 1 1 1 1 0 1 0 1 0 0 0 0 0 1 0 0 1 1 0 0 1 1 0 0 0 0 1 1 0 1 6.1441650390625
0 0 0 0 0 1 0 0 1 0 0 0 0 1 0 1 0 0 1 0 0 0 0 0 0 0 1 0 0 1 0 0 0 1 1 0 0 0 0 0 0 0 4.210480213165283
0 0 0 0 1 1 0 0 1 0 0 0 0 1 0 1 0 0 1 0 0 0 0 0 0 0 1 0 0 1 0 0 0 1 1 0 0 0 0 0 0 0 4.692361831665039
0 0 0 0 1 1 0 0 1 0 0 0 0 1 0 1 0 0 1 0 0 0 0 0 0 1 1 0 0 1 0 0 0 1 1 0 0 0 0 0 0 0 5.019554615020752
0 0 0 0 1 1 0 0 1 0 0 0 0 1 0 1 0 0 1 0 0 0 0 0 0 1 1 0 0 1 1 0 0 1 1 0 0 0 0 0 0 0 5.196145534515381
0 0 0 0 1 1 0 0 1 0 0 0 0 1 0 0 0 0 1 0 0 0 0 0 0 1 1 0 0 1 1 0 0 1 1 0 0 0 0 0 0 0 5.4358110427856445
0 0 0 0 1 1 0 0 1 0 0 0 0 1 0 0 0 0 1 0 0 0 0 0 0 1 1 0 0 1 1 0 0 1 1 0 0 0 0 1 0 0 5.587874412536621
0 0 0 0 1 1 0 0 1 0 0 0 0 1 0 0 0 1 1 0 0 0 0 0 0 1 1 0 0 1 1 0 0 1 1 0 0 0 0 1 0 0 5.830795764923096
0 0 1 0 1 1 0 0 1 0 0 0 0 1 0 0 0 1 1 0 0 0 0 0 0 1 1 0 0 1 1 0 0 1 1 0 0 0 0 1 0 0 6.053016185760498
0 0 1 0 1 1 0 0 1 0 0 0 0 1 0 0 0 1 1 0 1 0 0 0 0 1 1 0 0 1 1 0 0 1 1 0 0 0 0 1 0 0 6.191265106201172
0 0 1 0 1 1 1 0 1 0 0 0 0 1 0 0 0 1 1 0 1 0 0 0 0 1 1 0 0 1 1 0 0 1 1 0 0 0 0 1 0 0 6.406367778778076
0 0 1 1 1 1 1 0 1 0 0 0 0 1 0 0 0 1 1 0 1 0 0 0 0 1 1 0 0 1 1 0 0 1 1 0 0 0 0 1 0 0 6.522194862365723
0 0 1 1 1 1 1 0 1 0 0 0 0 1 0 0 0 1 1 0 1 0 0 0 0 1 1 0 1 1 1 0 0 1 1 0 0 0 0 1 0 0 6.56331205368042
0 0 1 1 1 1 1 0 1 0 0 0 0 1 1 0 0 1 1 0 1 0 0 0 0 1 1 0 1 1 1 0 0 1 1 0 0 0 0 1 0 0 6.581873893737793
0 0 1 1 1 1 1 0 1 0 0 0 0 1 0 0 0 1 1 0 1 0 0 0 0 1 1 0 1 1 1 0 0 1 1 0 0 0 0 1 0 0 6.56331205368042
0 0 0 0 0 0 0 0 0 0 1 0 0 0 0 0 0 0 0 1 0 1 0 0 0 1 1 0 1 0 0 1 0 0 0 0 0 0 0 1 1 0 3.374946355819702
0 0 0 0 0 0 0 0 0 0 1 0 0 0 0 0 0 0 0 1 0 1 0 0 0 1 1 0 1 0 0 1 0 0 0 0 0 0 0 1 0 0 3.8358154296875
0 0 0 0 0 0 1 0 0 0 1 0 0 0 0 0 0 0 0 1 0 1 0 0 0 1 1 0 1 0 0 1 0 0 0 0 0 0 0 1 0 0 4.2628278732299805
0 0 0 0 0 0 1 0 0 0 1 0 0 0 0 0 0 0 1 1 0 1 0 0 0 1 1 0 1 0 0 1 0 0 0 0 0 0 0 1 0 0 4.47856330871582
0 0 0 0 0 0 1 0 1 0 1 0 0 0 0 0 0 0 1 1 0 1 0 0 0 1 1 0 1 0 0 1 0 0 0 0 0 0 0 1 0 0 4.7863078117370605
0 0 0 0 0 0 1 0 1 0 1 0 0 0 0 0 0 0 1 1 0 1 0 0 0 1 1 0 1 0 0 1 0 1 0 0 0 0 0 1 0 0 5.026301860809326
0 0 0 0 0 0 1 0 1 0 1 0 0 0 1 0 0 0 1 1 0 1 0 0 0 1 1 0 1 0 0 1 0 1 0 0 0 0 0 1 0 0 5.194346904754639
0 0 0 0 0 0 1 0 1 0 1 0 0 0 1 0 0 0 1 1 0 1 0 0 0 1 1 0 1 0 1 1 0 1 0 0 0 0 0 1 0 0 5.320065021514893
0 0 0 0 0 0 1 0 1 0 1 0 0 0 1 1 0 0 1 1 0 1 0 0 0 1 1 0 1 0 1 1 0 1 0 0 0 0 0 1 0 0 5.42576789855957
0 0 0 0 0 0 1 0 1 0 1 0 0 0 1 1 0 0 1 1 0 1 0 0 0 1 1 0 1 1 1 1 0 1 0 0 0 0 0 1 0 0 5.532588958740234
0 0 0 0 0 1 1 0 1 0 1 0 0 0 1 1 0 0 1 1 0 1 0 0 0 1 1 0 1 1 1 1 0 1 0 0 0 0 0 1 0 0 5.635097503662109
0 0 1 0 0 1 1 0 1 0 1 0 0 0 1 1 0 0 1 1 0 1 0 0 0 1 1 0 1 1 1 1 0 1 0 0 0 0 0 1 0 0 5.7037858963012695
0 0 1 0 0 1 1 0 1 0 1 0 0 0 1 1 0 1 1 1 0 1 0 0 0 1 1 0 1 1 1 1 0 1 0 0 0 0 0 1 0 0 5.7447967529296875
0 0 1 0 0 1 1 0 1 0 1 0 0 0 1 1 0 1 1 1 0 0 0 0 0 1 1 0 1 1 1 1 0 1 0 0 0 0 0 1 0 0 5.752644062042236
0 0 1 0 0 1 1 0 1 0 1 0 0 0 1 1 0 1 1 1 0 1 0 0 0 1 1 0 1 1 1 1 0 1 0 0 0 0 0 1 0 0 5.7447967529296875
0 0 0 1 0 1 0 0 0 0 0 1 0 0 0 0 0 1 0 0 0 1 0 0 0 1 1 0 0 0 1 0 1 0 1 1 0 0 0 0 0 0 4.9130859375
0 0 0 1 0 1 0 0 0 0 0 1 0 0 0 0 0 1 0 0 1 1 0 0 0 1 1 0 0 0 1 0 1 0 1 1 0 0 0 0 0 0 5.226104259490967
0 0 0 1 0 1 0 0 0 0 0 1 0 0 0 0 0 1 0 0 1 1 1 0 0 1 1 0 0 0 1 0 1 0 1 1 0 0 0 0 0 0 5.48253059387207
0 0 0 1 0 1 0 0 0 0 0 1 0 0 0 0 0 1 0 0 1 0 1 0 0 1 1 0 0 0 1 0 1 0 1 1 0 0 0 0 0 0 5.710188865661621
0 1 0 1 0 1 0 0 0 0 0 1 0 0 0 0 0 1 0 0 1 0 1 0 0 1 1 0 0 0 1 0 1 0 1 1 0 0 0 0 0 0 5.862430572509766
0 1 0 1 0 1 0 1 0 0 0 1 0 0 0 0 0 1 0 0 1 0 1 0 0 1 1 0 0 0 1 0 1 0 1 1 0 0 0 0 0 0 5.878227710723877
0 1 1 1 0 1 0 1 0 0 0 1 0 0 0 0 0 1 0 0 1 0 1 0 0 1 1 0 0 0 1 0 1 0 1 1 0 0 0 0 0 0 5.958613872528076
0 1 1 1 0 1 0 1 1 0 0 1 0 0 0 0 0 1 0 0 1 0 1 0 0 1 1 0 0 0 1 0 1 0 1 1 0 0 0 0 0 0 5.980249404907227
0 1 1 1 0 1 0 1 1 0 0 1 0 1 0 0 0 1 0 0 1 0 1 0 0 1 1 0 0 0 1 0 1 0 1 1 0 0 0 0 0 0 6.02747106552124
0 1 1 1 1 1 0 1 1 0 0 1 0 1 0 0 0 1 0 0 1 0 1 0 0 1 1 0 0 0 1 0 1 0 1 1 0 0 0 0 0 0 6.163276195526123
0 1 1 1 1 1 0 1 1 0 0 1 0 1 0 0 0 1 1 0 1 0 1 0 0 1 1 0 0 0 1 0 1 0 1 1 0 0 0 0 0 0 6.165678977966309
0 1 1 1 1 1 0 1 1 0 0 1 0 1 0 0 0 1 1 0 1 0 1 0 0 1 1 0 0 0 1 0 0 0 1 1 0 0 0 0 0 0 6.299545764923096
0 1 1 1 1 1 0 1 1 0 0 1 0 1 0 0 0 1 1 0 1 0 1 0 0 1 1 0 0 0 1 0 0 1 1 1 0 0 0 0 0 0 6.382538795471191
0 0 1 1 1 1 0 1 1 0 0 1 0 1 0 0 0 1 1 0 1 0 1 0 0 1 1 0 0 0 1 0 0 1 1 1 0 0 0 0 0 0 6.41200590133667
0 0 1 1 1 1 0 1 1 0 0 1 0 1 0 0 0 1 1 0 1 0 1 0 0 1 1 0 0 0 1 0 0 1 1 0 0 0 0 0 0 0 6.529682159423828
0 0 1 1 1 1 1 1 1 0 0 1 0 1 0 0 0 1 1 0 1 0 1 0 0 1 1 0 0 0 1 0 0 1 1 0 0 0 0 0 0 0 6.770313739776611
0 0 1 1 1 1 1 1 1 0 0 1 0 1 0 0 0 1 1 0 1 0 1 0 0 1 1 0 0 0 1 0 0 1 1 0 0 0 0 1 0 0 6.951497554779053
0 0 1 1 1 1 1 1 1 0 0 1 0 0 0 0 0 1 1 0 1 0 1 0 0 1 1 0 0 0 1 0 0 1 1 0 0 0 0 1 0 0 6.937201976776123
0 0 0 0 0 0 0 0 0 1 1 0 0 0 1 1 0 0 1 1 1 0 0 0 0 0 0 0 0 1 0 0 1 1 1 0 0 0 0 0 0 0 4.574931621551514
0 0 0 0 1 0 0 0 0 1 1 0 0 0 1 1 0 0 1 1 1 0 0 0 0 0 0 0 0 1 0 0 1 1 1 0 0 0 0 0 0 0 4.905464172363281
0 0 0 0 1 0 0 0 0 1 1 0 0 0 1 1 0 0 1 1 1 0 0 0 0 0 0 0 0 1 0 0 1 1 1 0 0 0 0 1 0 0 5.105718612670898
0 0 0 0 1 0 0 0 0 1 1 0 0 0 1 1 0 0 1 1 1 0 0 0 0 0 0 0 1 1 0 0 1 1 1 0 0 0 0 1 0 0 5.250099182128906
0 0 0 0 1 0 0 0 0 1 1 0 0 1 1 1 0 0 1 1 1 0 0 0 0 0 0 0 1 1 0 0 1 1 1 0 0 0 0 1 0 0 5.354535102844238
0 0 0 0 1 0 0 0 0 1 1 0 0 1 1 1 0 0 1 1 0 0 0 0 0 0 0 0 1 1 0 0 1 1 1 0 0 0 0 1 0 0 5.427320957183838
0 0 0 0 1 0 0 0 0 1 1 0 0 1 1 1 0 0 0 1 0 0 0 0 0 0 0 0 1 1 0 0 1 1 1 0 0 0 0 1 0 0 5.584938049316406
0 0 0 0 1 0 0 0 0 1 1 0 0 1 1 1 0 0 0 1 0 0 0 0 0 0 0 0 1 1 0 0 1 1 0 0 0 0 0 1 0 0 5.780162811279297
0 0 0 0 1 0 0 0 0 1 1 0 0 1 1 1 0 1 0 1 0 0 0 0 0 0 0 0 1 1 0 0 1 1 0 0 0 0 0 1 0 0 5.904018878936768
0 0 0 0 1 0 0 0 0 1 1 0 0 1 1 1 0 1 0 1 0 0 0 0 0 1 0 0 1 1 0 0 1 1 0 0 0 0 0 1 0 0 6.017144203186035
0 0 0 0 1 0 0 0 0 1 1 0 1 1 1 1 0 1 0 1 0 0 0 0 0 1 0 0 1 1 0 0 1 1 0 0 0 0 0 1 0 0 6.037151336669922
0 0 0 0 1 0 0 0 0 1 1 0 1 1 1 1 0 1 0 1 0 0 0 0 0 1 0 0 1 1 0 0 1 1 0 0 0 0 0 1 0 1 6.095190525054932
0 0 0 0 1 0 0 0 0 1 1 0 1 1 1 1 0 1 0 1 0 0 0 0 0 1 0 0 1 1 0 0 1 1 0 0 0 0 1 1 0 1 6.1032209396362305
1 0 0 0 1 0 0 0 0 1 1 0 1 1 1 1 0 1 0 1 0 0 0 0 0 1 0 0 1 1 0 0 1 1 0 0 0 0 1 1 0 1 6.1441650390625
1 0 0 0 1 0 0 0 0 1 1 0 1 1 1 1 0 1 0 1 0 0 0 0 0 1 0 0 0 1 0 0 1 1 0 0 0 0 1 1 0 1 6.157845973968506
1 0 0 0 1 0 0 0 0 1 1 0 1 1 1 1 0 1 0 1 0 0 0 0 0 1 0 0 1 1 0 0 1 1 0 0 0 0 1 1 0 1 6.1441650390625
0 0 0 0 1 0 0 0 0 0 1 0 0 0 1 1 0 1 0 0 0 0 0 0 0 1 0 1 0 1 0 0 0 1 0 0 0 0 0 0 0 0 4.370158672332764
0 0 0 0 1 0 0 0 0 0 1 0 0 0 1 1 0 1 0 0 0 0 0 0 0 1 0 1 0 1 0 0 1 1 0 0 0 0 0 0 0 0 4.726124286651611
0 0 0 0 1 0 0 0 0 1 1 0 0 0 1 1 0 1 0 0 0 0 0 0 0 1 0 1 0 1 0 0 1 1 0 0 0 0 0 0 0 0 5.284271717071533
0 0 0 0 1 0 0 0 0 1 1 0 0 0 1 1 0 1 0 0 0 0 0 0 0 1 0 0 0 1 0 0 1 1 0 0 0 0 0 0 0 0 5.581157207489014
0 0 0 0 1 0 0 0 0 1 1 0 0 0 1 1 0 1 0 0 0 0 0 0 0 1 0 0 0 1 0 0 1 1 0 0 0 0 0 1 0 0 5.774938583374023
0 0 0 0 1 0 0 0 0 1 1 0 0 0 1 1 0 1 0 1 0 0 0 0 0 1 0 0 0 1 0 0 1 1 0 0 0 0 0 1 0 0 5.852955341339111
0 0 0 0 1 0 0 0 0 1 1 0 0 1 1 1 0 1 0 1 0 0 0 0 0 1 0 0 0 1 0 0 1 1 0 0 0 0 0 1 0 0 5.932819366455078
0 0 0 0 1 0 0 0 0 1 1 0 0 1 1 1 0 1 0 1 0 0 0 0 0 1 0 0 1 1 0 0 1 1 0 0 0 0 0 1 0 0 6.017144203186035
0 0 0 0 1 0 0 0 0 1 1 0 1 1 1 1 0 1 0 1 0 0 0 0 0 1 0 0 1 1 0 0 1 1 0 0 0 0 0 1 0 0 6.037151336669922
0 0 0 0 1 0 0 0 0 1 1 0 1 1 1 1 0 1 0 1 0 0 0 0 0 1 0 0 1 1 0 0 1 1 0 0 0 0 0 1 0 1 6.095190525054932
0 0 0 0 1 0 0 0 0 1 1 0 1 1 1 1 0 1 0 1 0 0 0 0 0 1 0 0 1 1 0 0 1 1 0 0 0 0 1 1 0 1 6.1032209396362305
1 0 0 0 1 0 0 0 0 1 1 0 1 1 1 1 0 1 0 1 0 0 0 0 0 1 0 0 1 1 0 0 1 1 0 0 0 0 1 1 0 1 6.1441650390625
1 0 0 0 1 0 0 0 0 1 1 0 1 1 1 1 0 1 0 1 0 0 0 0 0 1 0 0 0 1 0 0 1 1 0 0 0 0 1 1 0 1 6.157845973968506
1 0 0 0 1 0 0 0 0 1 1 0 1 1 1 1 0 1 0 1 0 0 0 0 0 1 0 0 1 1 0 0 1 1 0 0 0 0 1 1 0 1 6.1441650390625
0 0 1 0 1 0 0 0 0 0 0 0 0 0 0 1 0 0 1 0 1 0 0 0 0 0 1 1 0 1 0 0 0 1 0 0 0 0 1 0 0 1 2.911994695663452
0 0 1 0 1 0 0 0 0 0 0 0 0 0 0 1 0 0 1 1 1 0 0 0 0 0 1 1 0 1 0 0 0 1 0 0 0 0 1 0 0 1 3.2861275672912598
0 0 1 0 1 0 0 0 0 0 0 0 0 0 0 1 0 0 1 1 1 0 0 0 0 0 1 0 0 1 0 0 0 1 0 0 0 0 1 0 0 1 3.6090900897979736
0 0 1 0 1 0 0 0 0 0 1 0 0 0 0 1 0 0 1 1 1 0 0 0 0 0 1 0 0 1 0 0 0 1 0 0 0 0 1 0 0 1 3.919732093811035
0 0 1 0 1 0 0 0 0 0 1 0 0 0 0 1 0 0 1 1 1 0 0 0 0 0 1 0 0 1 0 0 0 1 0 0 0 0 0 0 0 1 4.192874908447266
0 0 1 0 1 0 0 0 0 0 1 0 0 0 1 1 0 0 1 1 1 0 0 0 0 0 1 0 0 1 0 0 0 1 0 0 0 0 0 0 0 1 4.383762359619141
0 0 1 0 1 0 0 0 0 0 1 0 0 0 1 1 0 0 1 1 1 0 0 0 0 0 1 0 0 1 0 0 1 1 0 0 0 0 0 0 0 1 4.6562299728393555
0 0 1 0 1 0 0 0 0 0 1 0 0 0 1 1 0 0 1 1 1 0 0 0 0 0 1 0 1 1 0 0 1 1 0 0 0 0 0 0 0 1 4.864270210266113
0 0 1 0 1 0 1 0 0 0 1 0 0 0 1 1 0 0 1 1 1 0 0 0 0 0 1 0 1 1 0 0 1 1 0 0 0 0 0 0 0 1 5.059105396270752
0 0 1 0 1 0 1 0 1 0 1 0 0 0 1 1 0 0 1 1 1 0 0 0 0 0 1 0 1 1 0 0 1 1 0 0 0 0 0 0 0 1 5.143901824951172
0 0 1 0 1 0 1 0 1 0 1 0 0 0 1 1 0 0 1 1 0 0 0 0 0 0 1 0 1 1 0 0 1 1 0 0 0 0 0 0 0 1 5.250064849853516
0 0 1 0 1 0 1 0 1 0 1 0 0 0 1 1 0 0 1 1 0 0 0 0 0 0 1 0 1 1 0 0 1 1 1 0 0 0 0 0 0 1 5.343822479248047
0 0 0 0 1 0 1 0 1 0 1 0 0 0 1 1 0 0 1 1 0 0 0 0 0 0 1 0 1 1 0 0 1 1 1 0 0 0 0 0 0 1 5.429951190948486
0 0 0 0 1 0 1 0 1 0 1 0 0 0 1 1 0 0 1 1 0 0 0 0 0 0 1 0 1 1 0 0 1 1 1 0 0 0 0 1 0 1 5.571539878845215
0 0 0 0 1 0 1 0 1 0 1 0 0 1 1 1 0 0 1 1 0 0 0 0 0 0 1 0 1 1 0 0 1 1 1 0 0 0 0 1 0 1 5.650550842285156
0 0 0 0 1 0 1 0 1 0 1 0 0 1 1 1 0 0 1 1 0 0 0 0 0 1 1 0 1 1 0 0 1 1 1 0 0 0 0 1 0 1 5.697187423706055
0 0 0 0 1 1 1 0 1 0 1 0 0 1 1 1 0 0 1 1 0 0 0 0 0 1 1 0 1 1 0 0 1 1 1 0 0 0 0 1 0 1 5.701854228973389
0 0 0 0 1 1 1 0 1 0 1 0 0 1 1 1 0 0 1 1 0 0 0 0 0 1 1 0 1 1 1 0 1 1 1 0 0 0 0 1 0 1 5.701876640319824
0 0 0 0 1 1 1 0 1 0 1 0 0 1 1 1 0 0 1 1 0 0 0 0 0 1 1 0 1 1 1 0 1 1 1 0 0 0 0 1 0 0 5.72763204574585
0 0 0 0 1 0 1 0 1 0 1 0 0 1 1 1 0 0 1 1 0 0 0 0 0 1 1 0 1 1 1 0 1 1 1 0 0 0 0 1 0 0 5.722965240478516
0 0 0 0 0 0 1 0 0 0 0 0 0 0 0 1 0 1 0 0 0 1 0 0 1 1 1 0 1 0 0 1 0 0 0 0 0 0 0 1 1 0 3.399904489517212
0 0 0 0 0 0 1 0 0 0 0 0 0 0 0 1 0 1 0 1 0 1 0 0 1 1 1 0 1 0 0 1 0 0 0 0 0 0 0 1 1 0 3.8036458492279053
0 0 0 0 0 0 1 0 0 0 0 0 0 0 0 1 0 1 0 1 0 0 0 0 1 1 1 0 1 0 0 1 0 0 0 0 0 0 0 1 1 0 4.228851318359375
0 0 0 0 0 0 1 0 0 0 0 0 0 0 0 1 0 1 0 1 0 0 0 0 1 1 1 0 1 0 0 1 0 0 0 0 0 0 0 1 0 0 4.468183994293213
0 0 0 0 0 0 1 0 1 0 0 0 0 0 0 1 0 1 0 1 0 0 0 0 1 1 1 0 1 0 0 1 0 0 0 0 0 0 0 1 0 0 4.672214508056641
0 0 0 0 0 0 1 0 1 0 0 0 0 0 0 1 0 1 0 1 0 0 0 0 1 1 1 0 1 0 0 1 0 0 0 0 0 0 1 1 0 0 4.821423530578613
0 0 0 0 0 0 1 0 1 0 0 0 0 0 0 1 0 1 0 1 0 0 0 0 1 1 0 0 1 0 0 1 0 0 0 0 0 0 1 1 0 0 5.0741047859191895
0 0 0 0 0 0 1 0 1 1 0 0 0 0 0 1 0 1 0 1 0 0 0 0 1 1 0 0 1 0 0 1 0 0 0 0 0 0 1 1 0 0 5.3644819259643555
1 0 0 0 0 0 1 0 1 1 0 0 0 0 0 1 0 1 0 1 0 0 0 0 1 1 0 0 1 0 0 1 0 0 0 0 0 0 1 1 0 0 5.555823802947998
1 0 0 0 0 0 1 0 1 1 0 0 0 0 0 1 0 1 0 1 0 0 0 0 1 1 0 0 1 0 0 1 1 0 0 0 0 0 1 1 0 0 5.731517791748047
1 0 0 0 0 0 1 0 1 1 0 0 0 0 0 1 0 1 0 1 0 0 0 0 1 1 0 0 1 0 1 1 1 0 0 0 0 0 1 1 0 0 5.817485809326172
1 0 0 0 0 0 1 0 1 1 0 0 0 0 0 1 0 1 0 1 0 0 0 0 1 1 0 0 0 0 1 1 1 0 0 0 0 0 1 1 0 0 5.888584136962891
1 0 0 0 0 0 1 0 1 1 0 0 0 0 0 0 0 1 0 1 0 0 0 0 1 1 0 0 0 0 1 1 1 0 0 0 0 0 1 1 0 0 5.921017169952393
1 0 0 0 0 0 1 0 1 1 0 0 0 0 0 0 0 1 0 1 0 0 0 0 0 1 0 0 0 0 1 1 1 0 0 0 0 0 1 1 0 0 5.928134918212891
1 0 0 0 0 0 1 0 1 1 0 0 0 0 0 0 1 1 0 1 0 0 0 0 0 1 0 0 0 0 1 1 1 0 0 0 0 0 1 1 0 0 5.939370632171631
1 0 0 0 0 0 1 0 1 1 0 0 0 0 0 0 1 1 0 0 0 0 0 0 0 1 0 0 0 0 1 1 1 0 0 0 0 0 1 1 0 0 5.932224750518799
0 0 0 0 1 0 0 1 0 1 1 0 0 1 0 1 0 0 0 1 0 0 0 0 0 0 0 0 0 1 0 0 1 1 0 0 0 0 0 0 0 1 4.773748397827148
0 0 0 0 1 0 0 1 0 1 1 0 0 1 1 1 0 0 0 1 0 0 0 0 0 0 0 0 0 1 0 0 1 1 0 0 0 0 0 0 0 1 5.167253494262695
0 0 0 0 1 0 0 1 0 1 1 0 0 1 1 1 0 0 0 1 0 0 0 0 0 0 0 0 0 1 0 0 1 1 0 0 0 0 0 1 0 1 5.484463214874268
0 0 0 0 1 0 0 0 0 1 1 0 0 1 1 1 0 0 0 1 0 0 0 0 0 0 0 0 0 1 0 0 1 1 0 0 0 0 0 1 0 1 5.757300853729248
0 0 0 0 1 0 0 0 0 1 1 0 1 1 1 1 0 0 0 1 0 0 0 0 0 0 0 0 0 1 0 0 1 1 0 0 0 0 0 1 0 1 5.87407112121582
0 0 0 0 1 0 0 0 0 1 1 0 1 1 1 1 0 0 0 1 0 0 0 0 0 0 0 0 1 1 0 0 1 1 0 0 0 0 0 1 0 1 5.9868574142456055
0 0 0 0 1 0 0 0 0 1 1 0 1 1 1 1 0 0 0 1 0 0 0 0 0 0 0 0 1 1 0 0 1 1 0 0 0 0 1 1 0 1 6.039035797119141
0 0 0 0 1 0 0 0 0 1 1 0 1 1 1 1 0 1 0 1 0 0 0 0 0 0 0 0 1 1 0 0 1 1 0 0 0 0 1 1 0 1 6.08293342590332
1 0 0 0 1 0 0 0 0 1 1 0 1 1 1 1 0 1 0 1 0 0 0 0 0 0 0 0 1 1 0 0 1 1 0 0 0 0 1 1 0 1 6.123878479003906
1 0 0 0 1 0 0 0 0 1 1 0 1 1 1 1 0 1 0 1 0 0 0 0 0 1 0 0 1 1 0 0 1 1 0 0 0 0 1 1 0 1 6.1441650390625
1 0 0 0 1 0 0 0 0 1 1 0 1 1 1 1 0 1 0 1 0 0 0 0 0 1 0 0 0 1 0 0 1 1 0 0 0 0 1 1 0 1 6.157845973968506
1 0 0 0 1 0 0 0 0 1 1 0 1 1 1 1 0 1 0 1 0 0 0 0 0 1 0 0 1 1 0 0 1 1 0 0 0 0 1 1 0 1 6.1441650390625
0 0 0 0 1 0 0 0 0 1 1 0 0 0 1 1 0 1 0 0 0 0 1 0 0 0 0 1 0 1 0 0 1 1 0 0 0 0 0 0 0 0 4.876458168029785
0 0 0 0 1 0 0 0 0 1 1 0 0 0 1 1 0 1 0 0 0 0 0 0 0 0 0 1 0 1 0 0 1 1 0 0 0 0 0 0 0 0 5.158179759979248
0 0 0 0 1 0 0 0 0 1 1 0 0 0 1 1 0 1 0 0 0 0 0 0 0 0 0 1 0 1 0 0 1 1 0 0 0 0 0 0 0 1 5.372114181518555
0 0 0 0 1 0 0 0 0 1 1 0 0 0 1 1 0 1 0 0 0 0 0 0 0 0 0 1 0 1 0 0 1 1 0 0 0 0 0 1 0 1 5.533931732177734
0 0 0 0 1 0 0 0 0 1 1 0 0 0 1 1 0 1 0 1 0 0 0 0 0 0 0 1 0 1 0 0 1 1 0 0 0 0 0 1 0 1 5.689128398895264
0 0 0 0 1 0 0 0 0 1 1 0 0 0 1 1 0 1 0 1 0 0 0 0 0 0 0 0 0 1 0 0 1 1 0 0 0 0 0 1 0 1 5.797867774963379
0 0 0 0 1 0 0 0 0 1 1 0 0 0 1 1 0 1 0 1 0 0 0 0 0 1 0 0 0 1 0 0 1 1 0 0 0 0 0 1 0 1 5.922333240509033
0 0 0 0 1 0 0 0 0 1 1 0 0 0 1 1 0 1 0 1 0 0 0 0 0 1 0 0 1 1 0 0 1 1 0 0 0 0 0 1 0 1 5.995319843292236
0 0 0 0 1 0 0 0 0 1 1 0 0 1 1 1 0 1 0 1 0 0 0 0 0 1 0 0 1 1 0 0 1 1 0 0 0 0 0 1 0 1 6.010397434234619
0 0 0 0 1 0 0 0 0 1 1 0 1 1 1 1 0 1 0 1 0 0 0 0 0 1 0 0 1 1 0 0 1 1 0 0 0 0 0 1 0 1 6.095190525054932
0 0 0 0 1 0 0 0 0 1 1 0 1 1 1 1 0 1 0 1 0 0 0 0 0 1 0 0 1 1 0 0 1 1 0 0 0 0 1 1 0 1 6.1032209396362305
1 0 0 0 1 0 0 0 0 1 1 0 1 1 1 1 0 1 0 1 0 0 0 0 0 1 0 0 1 1 0 0 1 1 0 0 0 0 1 1 0 1 6.1441650390625
1 0 0 0 1 0 0 0 0 1 1 0 1 1 1 1 0 1 0 1 0 0 0 0 0 1 0 0 0 1 0 0 1 1 0 0 0 0 1 1 0 1 6.157845973968506
1 0 0 0 1 0 0 0 0 1 1 0 1 1 1 1 0 1 0 1 0 0 0 0 0 1 0 0 1 1 0 0 1 1 0 0 0 0 1 1 0 1 6.1441650390625
0 1 0 1 0 1 0 0 1 1 0 0 0 0 0 0 0 1 0 0 0 0 0 0 0 1 0 0 0 0 0 0 0 0 1 0 0 1 0 0 0 0 4.222154140472412
0 1 0 1 0 1 0 1 1 1 0 0 0 0 0 0 0 1 0 0 0 0 0 0 0 1 0 0 0 0 0 0 0 0 1 0 0 1 0 0 0 0 4.759820938110352
0 1 0 1 0 1 0 1 1 1 0 0 0 0 0 0 0 1 0 0 0 0 0 0 0 1 0 0 0 0 0 0 0 0 1 0 0 0 0 0 0 0 4.989654541015625
0 1 0 1 0 1 0 1 1 1 0 0 0 0 0 0 0 1 0 0 0 0 0 0 0 1 0 0 0 0 0 0 1 0 1 0 0 0 0 0 0 0 5.316440582275391
0 1 0 1 0 1 0 1 1 1 0 0 0 0 0 0 0 1 0 0 0 0 0 0 0 1 0 0 0 0 0 0 1 0 1 0 0 0 0 1 0 0 5.422077655792236
0 1 0 1 0 0 0 1 1 1 0 0 0 0 0 0 0 1 0 0 0 0 0 0 0 1 0 0 0 0 0 0 1 0 1 0 0 0 0 1 0 0 5.56220817565918
0 1 0 1 0 0 0 1 1 1 0 0 0 0 0 0 0 1 0 0 1 0 0 0 0 1 0 0 0 0 0 0 1 0 1 0 0 0 0 1 0 0 5.6789960861206055
0 1 0 1 0 0 0 1 1 1 0 0 0 0 0 0 0 1 0 0 1 0 0 0 0 1 0 0 0 0 0 0 1 0 1 1 0 0 0 1 0 0 5.749461650848389
0 1 0 1 0 0 0 1 1 1 0 0 0 0 0 0 1 1 0 0 1 0 0 0 0 1 0 0 0 0 0 0 1 0 1 1 0 0 0 1 0 0 5.804935455322266
1 1 0 1 0 0 0 1 1 1 0 0 0 0 0 0 1 1 0 0 1 0 0 0 0 1 0 0 0 0 0 0 1 0 1 1 0 0 0 1 0 0 5.843376636505127
1 1 0 1 0 0 0 1 1 1 0 0 0 0 0 0 1 1 0 0 1 0 1 0 0 1 0 0 0 0 0 0 1 0 1 1 0 0 0 1 0 0 5.832563877105713
0 0 0 0 0 0 0 0 0 1 1 0 1 1 1 0 0 0 0 1 0 0 0 0 0 0 0 0 1 0 0 0 1 1 0 1 0 1 0 0 0 0 4.354350566864014
0 0 0 0 0 0 0 0 0 1 1 0 1 1 1 0 0 0 0 1 0 0 0 0 0 0 0 0 1 0 0 0 1 1 0 1 0 0 0 0 0 0 4.809103488922119
0 0 0 0 0 0 0 0 0 1 1 0 1 1 1 0 0 0 0 1 0 0 0 0 0 0 0 0 1 0 0 0 1 1 0 1 0 0 0 1 0 0 5.225250244140625
0 0 0 0 0 0 0 0 0 1 1 0 1 1 1 0 0 0 0 1 0 0 0 0 0 0 0 0 1 0 0 0 1 1 0 0 0 0 0 1 0 0 5.4585280418396
0 0 0 0 0 0 0 0 0 1 1 0 1 1 1 0 0 0 0 1 0 0 0 0 0 0 0 0 1 1 0 0 1 1 0 0 0 0 0 1 0 0 5.716970920562744
0 0 0 0 1 0 0 0 0 1 1 0 1 1 1 0 0 0 0 1 0 0 0 0 0 0 0 0 1 1 0 0 1 1 0 0 0 0 0 1 0 0 5.822975158691406
0 0 0 0 1 0 0 0 0 1 1 0 1 1 1 0 0 0 0 1 0 0 0 0 0 0 0 0 1 1 0 0 1 1 0 0 0 0 0 1 0 1 5.912899017333984
0 0 0 0 1 0 0 0 0 1 1 0 1 1 1 1 0 0 0 1 0 0 0 0 0 0 0 0 1 1 0 0 1 1 0 0 0 0 0 1 0 1 5.9868574142456055
0 0 0 0 1 0 0 0 0 1 1 0 1 1 1 1 0 0 0 1 0 0 0 0 0 0 0 0 1 1 0 0 1 1 0 0 0 0 1 1 0 1 6.039035797119141
0 0 0 0 1 0 0 0 0 1 1 0 1 1 1 1 0 1 0 1 0 0 0 0 0 0 0 0 1 1 0 0 1 1 0 0 0 0 1 1 0 1 6.08293342590332
1 0 0 0 1 0 0 0 0 1 1 0 1 1 1 1 0 1 0 1 0 0 0 0 0 0 0 0 1 1 0 0 1 1 0 0 0 0 1 1 0 1 6.123878479003906
1 0 0 0 1 0 0 0 0 1 1 0 1 1 1 1 0 1 0 1 0 0 0 0 0 1 0 0 1 1 0 0 1 1 0 0 0 0 1 1 0 1 6.1441650390625
1 0 0 0 1 0 0 0 0 1 1 0 1 1 1 1 0 1 0 1 0 0 0 0 0 1 0 0 0 1 0 0 1 1 0 0 0 0 1 1 0 1 6.157845973968506
1 0 0 0 1 0 0 0 0 1 1 0 1 1 1 1 0 1 0 1 0 0 0 0 0 1 0 0 1 1 0 0 1 1 0 0 0 0 1 1 0 1 6.1441650390625
1 1 0 1 0 0 0 0 0 1 1 0 0 0 0 1 0 1 0 0 0 0 0 0 0 1 0 0 0 0 0 1 0 1 0 0 0 0 0 0 0 1 4.381027698516846
1 1 0 1 0 0 0 0 0 1 1 0 0 0 0 1 0 1 0 0 0 0 0 0 0 1 0 0 0 0 0 1 0 1 0 1 0 0 0 0 0 1 4.67110538482666
1 1 0 1 0 0 0 0 0 1 1 0 0 0 0 1 1 1 0 0 0 0 0 0 0 1 0 0 0 0 0 1 0 1 0 1 0 0 0 0 0 1 4.886779308319092
1 1 0 1 0 0 0 1 0 1 1 0 0 0 0 1 1 1 0 0 0 0 0 0 0 1 0 0 0 0 0 1 0 1 0 1 0 0 0 0 0 1 5.160147190093994
1 1 0 1 1 0 0 1 0 1 1 0 0 0 0 1 1 1 0 0 0 0 0 0 0 1 0 0 0 0 0 1 0 1 0 1 0 0 0 0 0 1 5.194441795349121
1 1 0 1 1 0 0 1 0 1 1 0 0 0 0 1 1 1 0 0 0 0 0 0 0 1 0 0 0 0 0 1 0 1 0 1 0 0 1 0 0 1 5.24949836730957
1 1 0 1 1 0 0 1 0 1 1 0 0 0 0 1 1 1 0 0 0 0 0 0 0 1 0 0 0 0 0 1 1 1 0 1 0 0 1 0 0 1 5.402988910675049
1 1 0 0 1 0 0 1 0 1 1 0 0 0 0 1 1 1 0 0 0 0 0 0 0 1 0 0 0 0 0 1 1 1 0 1 0 0 1 0 0 1 5.728781700134277
1 1 0 0 1 0 0 1 0 1 1 0 0 0 0 1 1 1 0 0 0 0 0 0 0 1 0 0 0 0 0 0 1 1 0 1 0 0 1 0 0 1 6.009563446044922
1 1 0 0 1 0 0 1 0 1 1 0 0 0 1 1 1 1 0 0 0 0 0 0 0 1 0 0 0 0 0 0 1 1 0 1 0 0 1 0 0 1 6.187885284423828
1 1 0 0 1 0 0 1 0 1 1 0 0 0 1 1 1 1 0 0 0 0 0 0 0 1 0 0 0 0 0 0 1 1 0 1 0 0 1 0 0 0 6.196893692016602
1 1 0 0 1 0 0 1 0 1 1 0 0 0 1 1 1 1 0 0 0 0 0 0 0 1 0 0 0 0 0 0 1 0 0 1 0 0 1 0 0 0 6.410507678985596
1 1 0 0 0 0 0 1 0 1 1 0 0 0 1 1 1 1 0 0 0 0 0 0 0 1 0 0 0 0 0 0 1 0 0 1 0 0 1 0 0 0 6.483443260192871
1 1 0 0 0 0 0 1 0 1 1 0 0 0 1 1 1 1 0 0 0 0 0 0 0 1 0 0 0 0 0 0 1 0 0 1 0 0 1 0 1 0 6.637099742889404
1 1 0 0 0 0 0 1 0 1 1 0 0 1 1 1 1 1 0 0 0 0 0 0 0 1 0 0 0 0 0 0 1 0 0 1 0 0 1 0 1 0 6.689908981323242
1 1 0 0 0 0 0 1 0 1 1 0 0 1 1 0 1 1 0 0 0 0 0 0 0 1 0 0 0 0 0 0 1 0 0 1 0 0 1 0 1 0 6.7045464515686035
1 1 0 0 0 0 0 1 0 1 1 0 0 1 1 1 1 1 0 0 0 0 0 0 0 1 0 0 0 0 0 0 1 0 0 1 0 0 1 0 1 0 6.689908981323242
0 0 0 1 1 1 0 0 1 0 1 0 0 0 0 1 0 0 1 1 0 0 0 0 0 0 0 0 0 1 0 0 0 1 0 0 0 0 0 0 0 1 4.100639820098877
0 0 0 1 1 1 0 0 1 0 1 0 0 0 0 1 0 0 1 1 0 0 0 0 0 0 0 0 0 1 0 0 0 1 0 0 0 0 0 1 0 1 4.427947521209717
0 0 0 1 1 1 1 0 1 0 1 0 0 0 0 1 0 0 1 1 0 0 0 0 0 0 0 0 0 1 0 0 0 1 0 0 0 0 0 1 0 1 4.671329498291016
0 0 0 1 1 1 1 0 1 0 1 0 0 0 0 1 0 0 1 1 0 0 0 0 0 0 0 0 1 1 0 0 0 1 0 0 0 0 0 1 0 1 4.852278709411621
0 0 0 1 1 1 1 0 1 0 1 0 0 0 0 1 0 0 1 1 0 0 0 0 0 0 1 0 1 1 0 0 0 1 0 0 0 0 0 1 0 1 5.087883472442627
0 0 0 1 1 1 1 0 1 0 1 0 0 0 1 1 0 0 1 1 0 0 0 0 0 0 1 0 1 1 0 0 0 1 0 0 0 0 0 1 0 1 5.233604907989502
0 0 0 1 1 1 1 0 1 0 1 0 0 0 1 1 0 0 1 1 0 0 0 0 0 0 1 0 1 1 0 0 1 1 0 0 0 0 0 1 0 1 5.4042863845825195
0 0 0 1 1 1 1 0 1 0 1 0 0 0 1 1 0 0 1 1 0 0 0 0 0 0 1 0 1 1 0 0 1 1 1 0 0 0 0 1 0 1 5.512716770172119
0 0 0 0 1 1 1 0 1 0 1 0 0 0 1 1 0 0 1 1 0 0 0 0 0 0 1 0 1 1 0 0 1 1 1 0 0 0 0 1 0 1 5.627708911895752
0 0 0 0 1 1 1 0 1 0 1 0 0 1 1 1 0 0 1 1 0 0 0 0 0 0 1 0 1 1 0 0 1 1 1 0 0 0 0 1 0 1 5.655219554901123
0 0 0 0 1 1 1 0 1 0 1 0 0 1 1 1 0 0 1 1 0 0 0 0 0 1 1 0 1 1 0 0 1 1 1 0 0 0 0 1 0 1 5.701854228973389
0 0 0 0 1 1 1 0 1 0 1 0 0 1 1 1 0 0 1 1 0 0 0 0 0 1 1 0 1 1 1 0 1 1 1 0 0 0 0 1 0 1 5.701876640319824
0 0 0 0 1 1 1 0 1 0 1 0 0 1 1 1 0 0 1 1 0 0 0 0 0 1 1 0 1 1 1 0 1 1 1 0 0 0 0 1 0 0 5.72763204574585
0 0 0 0 1 0 1 0 1 0 1 0 0 1 1 1 0 0 1 1 0 0 0 0 0 1 1 0 1 1 1 0 1 1 1 0 0 0 0 1 0 0 5.722965240478516
0 0 1 0 1 0 0 0 0 1 1 0 0 0 0 1 0 1 0 1 0 0 0 0 0 0 0 0 1 1 0 0 0 1 1 0 0 0 0 0 0 0 4.0213823318481445
0 0 1 0 1 0 0 0 0 1 1 0 0 0 0 1 0 1 0 1 0 0 0 0 0 0 0 0 1 1 0 0 1 1 1 0 0 0 0 0 0 0 4.590854644775391
0 0 1 0 1 0 0 0 0 1 1 0 0 0 1 1 0 1 0 1 0 0 0 0 0 0 0 0 1 1 0 0 1 1 1 0 0 0 0 0 0 0 5.008117198944092
0 0 1 0 1 0 0 0 0 1 1 0 0 0 1 1 0 1 0 1 0 0 0 0 0 0 0 0 1 1 0 0 1 1 1 0 0 0 0 1 0 0 5.235269546508789
0 0 0 0 1 0 0 0 0 1 1 0 0 0 1 1 0 1 0 1 0 0 0 0 0 0 0 0 1 1 0 0 1 1 1 0 0 0 0 1 0 0 5.63206672668457
0 0 0 0 1 0 0 0 0 1 1 0 0 0 1 1 0 1 0 1 0 0 0 0 0 0 0 0 1 1 0 0 1 1 0 0 0 0 0 1 0 0 5.824154376983643
0 0 0 0 1 0 0 0 0 1 1 0 0 0 1 1 0 1 0 1 0 0 0 0 0 1 0 0 1 1 0 0 1 1 0 0 0 0 0 1 0 0 5.927074432373047
0 0 0 0 1 0 0 0 0 1 1 0 0 1 1 1 0 1 0 1 0 0 0 0 0 1 0 0 1 1 0 0 1 1 0 0 0 0 0 1 0 0 6.017144203186035
0 0 0 0 1 0 0 0 0 1 1 0 1 1 1 1 0 1 0 1 0 0 0 0 0 1 0 0 1 1 0 0 1 1 0 0 0 0 0 1 0 0 6.037151336669922
0 0 0 0 1 0 0 0 0 1 1 0 1 1 1 1 0 1 0 1 0 0 0 0 0 1 0 0 1 1 0 0 1 1 0 0 0 0 0 1 0 1 6.095190525054932
0 0 0 0 1 0 0 0 0 1 1 0 1 1 1 1 0 1 0 1 0 0 0 0 0 1 0 0 1 1 0 0 1 1 0 0 0 0 1 1 0 1 6.1032209396362305
1 0 0 0 1 0 0 0 0 1 1 0 1 1 1 1 0 1 0 1 0 0 0 0 0 1 0 0 1 1 0 0 1 1 0 0 0 0 1 1 0 1 6.1441650390625
1 0 0 0 1 0 0 0 0 1 1 0 1 1 1 1 0 1 0 1 0 0 0 0 0 1 0 0 0 1 0 0 1 1 0 0 0 0 1 1 0 1 6.157845973968506
1 0 0 0 1 0 0 0 0 1 1 0 1 1 1 1 0 1 0 1 0 0 0 0 0 1 0 0 1 1 0 0 1 1 0 0 0 0 1 1 0 1 6.1441650390625
0 1 0 0 0 1 0 0 0 1 0 0 0 1 0 0 0 1 0 0 1 1 0 0 0 0 0 0 1 0 0 0 1 0 1 1 0 0 0 0 0 0 3.7378792762756348
0 1 0 0 0 1 0 0 0 1 0 0 0 1 0 0 0 1 0 0 1 1 0 0 0 0 0 0 0 0 0 0 1 0 1 1 0 0 0 0 0 0 4.056014060974121
0 1 0 0 0 1 0 0 0 1 0 0 0 1 0 0 0 1 0 0 1 1 0 0 0 1 0 0 0 0 0 0 1 0 1 1 0 0 0 0 0 0 4.388811111450195
0 1 0 0 0 1 0 0 0 1 0 0 0 1 0 0 0 1 0 0 1 0 0 0 0 1 0 0 0 0 0 0 1 0 1 1 0 0 0 0 0 0 4.822587013244629
0 1 0 0 0 0 0 0 0 1 0 0 0 1 0 0 0 1 0 0 1 0 0 0 0 1 0 0 0 0 0 0 1 0 1 1 0 0 0 0 0 0 5.0478105545043945
1 1 0 0 0 0 0 0 0 1 0 0 0 1 0 0 0 1 0 0 1 0 0 0 0 1 0 0 0 0 0 0 1 0 1 1 0 0 0 0 0 0 5.362199783325195
1 1 0 0 0 0 0 0 0 1 0 0 0 1 0 0 0 1 0 0 1 0 0 0 0 1 0 0 0 0 0 0 1 0 1 1 0 0 1 0 0 0 5.70182466506958
1 1 0 0 0 0 0 0 0 1 0 0 0 1 0 0 0 1 0 0 1 0 0 0 0 1 0 0 0 0 0 0 1 0 0 1 0 0 1 0 0 0 5.983283519744873
1 1 0 0 0 0 0 0 0 1 0 0 0 1 0 0 0 1 0 0 0 0 0 0 0 1 0 0 0 0 0 0 1 0 0 1 0 0 1 0 0 0 6.308404922485352
1 1 0 0 0 0 0 0 0 1 0 0 0 1 0 0 0 1 0 0 0 0 0 0 0 1 0 0 0 0 0 0 1 0 0 1 0 0 1 0 1 0 6.375053882598877
1 1 0 0 0 0 0 0 0 1 0 0 0 1 0 0 1 1 0 0 0 0 0 0 0 1 0 0 0 0 0 0 1 0 0 1 0 0 1 0 1 0 6.4360504150390625
1 1 0 0 0 0 0 1 0 1 0 0 0 1 0 0 1 1 0 0 0 0 0 0 0 1 0 0 0 0 0 0 1 0 0 1 0 0 1 0 1 0 6.507022857666016
1 1 0 0 0 0 0 1 0 1 0 0 0 1 1 0 1 1 0 0 0 0 0 0 0 1 0 0 0 0 0 0 1 0 0 1 0 0 1 0 1 0 6.543687343597412
1 1 0 0 0 0 0 1 0 1 1 0 0 1 1 0 1 1 0 0 0 0 0 0 0 1 0 0 0 0 0 0 1 0 0 1 0 0 1 0 1 0 6.7045464515686035
1 1 0 0 0 0 0 1 0 1 1 0 0 1 1 1 1 1 0 0 0 0 0 0 0 1 0 0 0 0 0 0 1 0 0 1 0 0 1 0 1 0 6.689908981323242
0 1 0 1 0 0 0 0 1 1 0 0 0 0 0 1 0 0 1 0 0 0 0 0 0 0 0 1 0 1 0 0 0 1 0 0 0 0 0 0 0 0 2.9557971954345703
0 1 0 1 0 0 0 0 1 1 0 0 0 0 1 1 0 0 1 0 0 0 0 0 0 0 0 1 0 1 0 0 0 1 0 0 0 0 0 0 0 0 3.1730597019195557
0 1 0 1 0 0 0 0 1 1 0 0 0 0 1 1 0 1 1 0 0 0 0 0 0 0 0 1 0 1 0 0 0 1 0 0 0 0 0 0 0 0 3.5248665809631348
0 1 0 1 0 0 0 1 1 1 0 0 0 0 1 1 0 1 1 0 0 0 0 0 0 0 0 1 0 1 0 0 0 1 0 0 0 0 0 0 0 0 3.7430272102355957
0 1 0 1 0 0 0 1 1 1 0 0 0 0 1 1 0 1 1 0 0 0 0 0 0 0 0 0 0 1 0 0 0 1 0 0 0 0 0 0 0 0 3.980440855026245
0 1 0 1 0 0 0 1 1 1 1 0 0 0 1 1 0 1 1 0 0 0 0 0 0 0 0 0 0 1 0 0 0 1 0 0 0 0 0 0 0 0 4.166714668273926
0 1 0 1 0 0 0 1 1 1 1 0 0 0 1 1 0 1 1 0 0 0 0 0 0 0 0 0 1 1 0 0 0 1 0 0 0 0 0 0 0 0 4.336440563201904
0 1 0 1 0 0 1 1 1 1 1 0 0 0 1 1 0 1 1 0 0 0 0 0 0 0 0 0 1 1 0 0 0 1 0 0 0 0 0 0 0 0 4.488166332244873
0 1 0 1 0 0 1 1 1 1 1 0 0 0 1 1 0 1 1 1 0 0 0 0 0 0 0 0 1 1 0 0 0 1 0 0 0 0 0 0 0 0 4.740767478942871
0 1 0 1 0 0 1 1 1 1 1 0 0 0 1 1 0 1 1 1 0 0 0 0 0 0 0 0 1 1 0 0 1 1 0 0 0 0 0 0 0 0 4.910025119781494
0 1 0 1 0 0 1 1 1 1 1 0 0 0 1 1 0 1 1 1 0 0 0 0 0 1 0 0 1 1 0 0 1 1 0 0 0 0 0 0 0 0 5.089012145996094
0 1 0 1 0 0 1 1 1 1 1 0 0 0 1 1 0 1 1 1 0 0 0 0 0 1 0 0 1 1 0 0 1 1 0 0 0 0 0 1 0 0 5.401821136474609
0 0 0 1 0 0 1 1 1 1 1 0 0 0 1 1 0 1 1 1 0 0 0 0 0 1 0 0 1 1 0 0 1 1 0 0 0 0 0 1 0 0 5.556626319885254
0 0 0 1 0 0 1 1 1 1 1 0 1 0 1 1 0 1 1 1 0 0 0 0 0 1 0 0 1 1 0 0 1 1 0 0 0 0 0 1 0 0 5.630134105682373
0 0 0 1 0 0 1 1 1 1 1 0 1 0 1 1 0 1 0 1 0 0 0 0 0 1 0 0 1 1 0 0 1 1 0 0 0 0 0 1 0 0 5.797477722167969
0 0 0 0 0 0 1 1 1 1 1 0 1 0 1 1 0 1 0 1 0 0 0 0 0 1 0 0 1 1 0 0 1 1 0 0 0 0 0 1 0 0 5.850318431854248
0 0 0 0 0 0 1 0 1 1 1 0 1 0 1 1 0 1 0 1 0 0 0 0 0 1 0 0 1 1 0 0 1 1 0 0 0 0 0 1 0 0 5.922492504119873
0 0 0 0 0 0 1 0 1 1 1 0 1 0 1 1 0 1 0 1 0 0 0 0 0 1 0 0 0 1 0 0 1 1 0 0 0 0 0 1 0 0 5.91421365737915
0 0 0 0 0 1 0 0 1 1 0 0 1 1 1 0 0 0 0 1 0 0 0 0 0 0 0 0 0 0 0 0 1 1 0 0 0 0 0 0 0 0 4.168651103973389
0 0 0 0 0 1 0 0 1 1 1 0 1 1 1 0 0 0 0 1 0 0 0 0 0 0 0 0 0 0 0 0 1 1 0 0 0 0 0 0 0 0 4.579366683959961
0 0 0 0 0 0 0 0 1 1 1 0 1 1 1 0 0 0 0 1 0 0 0 0 0 0 0 0 0 0 0 0 1 1 0 0 0 0 0 0 0 0 4.989912033081055
0 0 0 0 0 0 0 0 1 1 1 0 1 1 1 0 0 0 0 1 0 0 0 0 0 0 0 0 0 1 0 0 1 1 0 0 0 0 0 0 0 0 5.2816972732543945
0 0 0 0 0 0 0 0 1 1 1 0 1 1 1 0 0 0 0 1 0 0 0 0 0 0 0 0 0 1 0 0 1 1 0 0 0 0 0 1 0 0 5.531215667724609
0 0 0 0 0 0 0 0 1 1 1 0 1 1 1 0 0 0 0 1 0 0 0 0 0 1 0 0 0 1 0 0 1 1 0 0 0 0 0 1 0 0 5.644340991973877
0 0 0 0 0 0 0 0 1 1 1 0 1 1 1 0 0 1 0 1 0 0 0 0 0 1 0 0 0 1 0 0 1 1 0 0 0 0 0 1 0 0 5.775336742401123
0 0 0 0 0 0 0 0 1 1 1 0 1 1 1 0 0 1 0 1 0 0 0 0 0 1 0 0 1 1 0 0 1 1 0 0 0 0 0 1 0 0 5.859663009643555
0 0 0 0 1 0 0 0 1 1 1 0 1 1 1 0 0 1 0 1 0 0 0 0 0 1 0 0 1 1 0 0 1 1 0 0 0 0 0 1 0 0 5.940684795379639
0 0 0 0 1 0 0 0 1 1 1 0 1 1 1 1 0 1 0 1 0 0 0 0 0 1 0 0 1 1 0 0 1 1 0 0 0 0 0 1 0 0 6.002513408660889
0 0 0 0 1 0 0 0 1 1 1 0 1 1 1 1 0 1 0 1 0 0 0 0 0 1 0 0 1 1 0 0 1 1 0 0 0 0 0 1 0 1 6.06055212020874
0 0 0 0 1 0 0 0 0 1 1 0 1 1 1 1 0 1 0 1 0 0 0 0 0 1 0 0 1 1 0 0 1 1 0 0 0 0 0 1 0 1 6.095190525054932
0 0 0 0 1 0 0 0 0 1 1 0 1 1 1 1 0 1 0 1 0 0 0 0 0 1 0 0 1 1 0 0 1 1 0 0 0 0 1 1 0 1 6.1032209396362305
1 0 0 0 1 0 0 0 0 1 1 0 1 1 1 1 0 1 0 1 0 0 0 0 0 1 0 0 1 1 0 0 1 1 0 0 0 0 1 1 0 1 6.1441650390625
1 0 0 0 1 0 0 0 0 1 1 0 1 1 1 1 0 1 0 1 0 0 0 0 0 1 0 0 0 1 0 0 1 1 0 0 0 0 1 1 0 1 6.157845973968506
1 0 0 0 1 0 0 0 0 1 1 0 1 1 1 1 0 1 0 1 0 0 0 0 0 1 0 0 1 1 0 0 1 1 0 0 0 0 1 1 0 1 6.1441650390625
0 1 0 1 1 0 0 0 0 1 0 0 0 1 0 0 0 0 1 0 0 0 0 0 0 1 0 1 0 1 0 0 0 0 0 0 0 0 1 0 0 1 3.1914665699005127
0 1 0 1 1 0 0 0 0 1 0 0 0 1 0 0 0 0 0 0 0 0 0 0 0 1 0 1 0 1 0 0 0 0 0 0 0 0 1 0 0 1 3.635103464126587
0 1 0 1 1 0 0 0 0 1 0 0 0 1 0 0 0 0 0 0 0 0 0 0 0 1 0 1 0 1 0 0 1 0 0 0 0 0 1 0 0 1 4.333916187286377
0 1 0 0 1 0 0 0 0 1 0 0 0 1 0 0 0 0 0 0 0 0 0 0 0 1 0 1 0 1 0 0 1 0 0 0 0 0 1 0 0 1 4.8457231521606445
0 1 0 0 1 0 0 0 0 1 0 0 0 1 1 0 0 0 0 0 0 0 0 0 0 1 0 1 0 1 0 0 1 0 0 0 0 0 1 0 0 1 5.164635181427002
0 1 0 0 1 0 0 0 0 1 0 0 0 1 1 0 0 1 0 0 0 0 0 0 0 1 0 1 0 1 0 0 1 0 0 0 0 0 1 0 0 1 5.492448806762695
1 1 0 0 1 0 0 0 0 1 0 0 0 1 1 0 0 1 0 0 0 0 0 0 0 1 0 1 0 1 0 0 1 0 0 0 0 0 1 0 0 1 5.764441967010498
1 1 0 0 1 0 0 0 0 1 1 0 0 1 1 0 0 1 0 0 0 0 0 0 0 1 0 1 0 1 0 0 1 0 0 0 0 0 1 0 0 1 6.036430835723877
1 1 0 0 1 0 0 0 0 1 1 0 0 1 1 0 0 1 0 0 0 0 0 0 0 1 0 1 0 1 0 0 1 0 0 1 0 0 1 0 0 1 6.164741039276123
1 1 0 0 1 0 0 0 0 1 1 0 1 1 1 0 0 1 0 0 0 0 0 0 0 1 0 1 0 1 0 0 1 0 0 1 0 0 1 0 0 1 6.257968902587891
1 1 0 0 1 0 0 0 0 1 1 0 1 1 1 0 0 1 0 0 0 0 0 0 0 1 0 1 0 1 0 0 1 0 0 1 0 0 1 1 0 1 6.259727478027344
1 1 0 0 1 0 0 0 0 1 1 0 1 1 1 0 1 1 0 0 0 0 0 0 0 1 0 1 0 1 0 0 1 0 0 1 0 0 1 1 0 1 6.371926307678223
1 1 0 0 1 0 0 0 0 1 1 0 1 1 1 1 1 1 0 0 0 0 0 0 0 1 0 1 0 1 0 0 1 0 0 1 0 0 1 1 0 1 6.410780429840088
1 1 0 0 1 0 0 0 0 1 1 0 1 1 1 1 1 1 0 0 0 0 0 0 0 1 0 0 0 1 0 0 1 0 0 1 0 0 1 1 0 1 6.495545387268066
1 1 0 0 0 0 0 0 0 1 1 0 1 1 1 1 1 1 0 0 0 0 0 0 0 1 0 0 0 1 0 0 1 0 0 1 0 0 1 1 0 1 6.512413501739502
1 1 0 0 1 0 0 0 0 1 1 0 1 1 1 1 1 1 0 0 0 0 0 0 0 1 0 0 0 1 0 0 1 0 0 1 0 0 1 1 0 1 6.495545387268066
0 1 0 0 1 1 0 0 1 0 0 0 0 1 1 0 0 0 1 0 0 0 0 0 0 0 0 0 0 1 0 0 0 1 0 0 0 0 0 0 0 0 4.113223552703857
0 1 0 0 1 1 0 0 1 0 0 0 0 1 1 0 0 0 1 0 0 0 0 0 0 0 1 0 0 1 0 0 0 1 0 0 0 0 0 0 0 0 4.579975128173828
0 1 0 0 1 1 0 0 1 0 0 0 0 1 1 0 0 0 1 0 0 0 0 0 0 0 1 0 0 1 0 0 0 1 1 0 0 0 0 0 0 0 5.083011627197266
0 1 0 0 1 1 0 0 1 0 0 0 0 1 1 0 0 0 1 0 1 0 0 0 0 0 1 0 0 1 0 0 0 1 1 0 0 0 0 0 0 0 5.236778259277344
0 1 0 0 1 1 0 0 1 0 0 0 0 1 1 0 0 1 1 0 1 0 0 0 0 0 1 0 0 1 0 0 0 1 1 0 0 0 0 0 0 0 5.412286758422852
0 1 0 0 1 1 0 0 1 0 0 0 0 1 1 0 0 1 1 0 1 0 0 0 0 0 1 0 0 1 0 0 0 1 1 0 0 0 0 1 0 0 5.602616310119629
0 0 0 0 1 1 0 0 1 0 0 0 0 1 1 0 0 1 1 0 1 0 0 0 0 0 1 0 0 1 0 0 0 1 1 0 0 0 0 1 0 0 5.833232879638672
0 0 0 0 1 1 0 0 1 0 0 0 0 1 1 0 0 1 1 0 1 0 0 0 0 0 1 0 0 1 1 0 0 1 1 0 0 0 0 1 0 0 5.951844692230225
0 0 1 0 1 1 0 0 1 0 0 0 0 1 1 0 0 1 1 0 1 0 0 0 0 0 1 0 0 1 1 0 0 1 1 0 0 0 0 1 0 0 6.281217575073242
0 0 1 1 1 1 0 0 1 0 0 0 0 1 1 0 0 1 1 0 1 0 0 0 0 0 1 0 0 1 1 0 0 1 1 0 0 0 0 1 0 0 6.364716529846191
0 0 1 1 1 1 1 0 1 0 0 0 0 1 1 0 0 1 1 0 1 0 0 0 0 0 1 0 0 1 1 0 0 1 1 0 0 0 0 1 0 0 6.434060573577881
0 0 1 1 1 1 1 0 1 0 0 0 0 1 1 0 0 1 1 0 1 0 0 0 0 1 1 0 0 1 1 0 0 1 1 0 0 0 0 1 0 0 6.559120178222656
0 0 1 1 1 1 1 0 1 0 0 0 0 1 1 0 0 1 1 0 1 0 0 0 0 1 1 0 1 1 1 0 0 1 1 0 0 0 0 1 0 0 6.581873893737793
0 0 1 1 1 1 1 0 1 0 0 0 0 1 0 0 0 1 1 0 1 0 0 0 0 1 1 0 1 1 1 0 0 1 1 0 0 0 0 1 0 0 6.56331205368042
0 0 0 0 1 1 0 0 1 0 1 0 0 0 1 0 1 1 0 0 1 0 0 0 0 0 0 0 0 1 0 0 0 1 1 0 0 0 0 0 0 0 4.068445205688477
0 0 0 0 1 1 0 0 1 0 1 0 0 0 1 0 1 1 0 0 1 0 0 0 0 0 1 0 0 1 0 0 0 1 1 0 0 0 0 0 0 0 4.480657577514648
0 0 0 0 1 1 0 0 1 0 1 0 0 0 1 0 1 1 1 0 1 0 0 0 0 0 1 0 0 1 0 0 0 1 1 0 0 0 0 0 0 0 4.850038051605225
0 0 0 0 1 1 0 0 1 0 1 0 0 0 1 0 0 1 1 0 1 0 0 0 0 0 1 0 0 1 0 0 0 1 1 0 0 0 0 0 0 0 5.251601696014404
0 0 0 0 1 1 0 0 1 0 1 0 0 0 1 0 0 1 1 0 1 0 0 0 0 0 1 0 0 1 0 0 0 1 1 0 0 0 0 1 0 0 5.471340179443359
0 0 0 0 1 1 0 0 1 0 0 0 0 0 1 0 0 1 1 0 1 0 0 0 0 0 1 0 0 1 0 0 0 1 1 0 0 0 0 1 0 0 5.642691135406494
0 0 0 0 1 1 0 0 1 0 0 0 0 1 1 0 0 1 1 0 1 0 0 0 0 0 1 0 0 1 0 0 0 1 1 0 0 0 0 1 0 0 5.833232879638672
0 0 0 0 1 1 0 0 1 0 0 0 0 1 1 0 0 1 1 0 1 0 0 0 0 0 1 0 0 1 1 0 0 1 1 0 0 0 0 1 0 0 5.951844692230225
0 0 1 0 1 1 0 0 1 0 0 0 0 1 1 0 0 1 1 0 1 0 0 0 0 0 1 0 0 1 1 0 0 1 1 0 0 0 0 1 0 0 6.281217575073242
0 0 1 1 1 1 0 0 1 0 0 0 0 1 1 0 0 1 1 0 1 0 0 0 0 0 1 0 0 1 1 0 0 1 1 0 0 0 0 1 0 0 6.364716529846191
0 0 1 1 1 1 1 0 1 0 0 0 0 1 1 0 0 1 1 0 1 0 0 0 0 0 1 0 0 1 1 0 0 1 1 0 0 0 0 1 0 0 6.434060573577881
0 0 1 1 1 1 1 0 1 0 0 0 0 1 1 0 0 1 1 0 1 0 0 0 0 1 1 0 0 1 1 0 0 1 1 0 0 0 0 1 0 0 6.559120178222656
0 0 1 1 1 1 1 0 1 0 0 0 0 1 1 0 0 1 1 0 1 0 0 0 0 1 1 0 1 1 1 0 0 1 1 0 0 0 0 1 0 0 6.581873893737793
0 0 1 1 1 1 1 0 1 0 0 0 0 1 0 0 0 1 1 0 1 0 0 0 0 1 1 0 1 1 1 0 0 1 1 0 0 0 0 1 0 0 6.56331205368042
0 0 0 1 1 0 0 0 0 0 0 1 0 0 0 0 0 0 1 1 0 0 0 0 0 0 1 0 1 1 0 0 0 1 0 0 0 0 1 0 0 1 3.6861612796783447
0 0 0 1 1 0 0 0 0 0 0 1 0 0 0 0 0 0 1 1 0 0 0 0 0 0 1 0 1 1 0 0 0 1 0 0 0 0 0 0 0 1 4.080359935760498
0 0 0 1 1 0 0 0 0 0 1 1 0 0 0 0 0 0 1 1 0 0 0 0 0 0 1 0 1 1 0 0 0 1 0 0 0 0 0 0 0 1 4.315460205078125
0 0 0 1 1 0 0 0 0 0 1 1 0 0 1 0 0 0 1 1 0 0 0 0 0 0 1 0 1 1 0 0 0 1 0 0 0 0 0 0 0 1 4.631694793701172
0 0 0 1 1 0 0 0 0 0 1 1 0 0 1 0 0 0 1 1 0 0 0 0 0 0 1 0 1 1 0 0 1 1 0 0 0 0 0 0 0 1 4.781246185302734
0 0 0 1 1 0 0 0 0 0 1 1 0 0 1 1 0 0 1 1 0 0 0 0 0 0 1 0 1 1 0 0 1 1 0 0 0 0 0 0 0 1 4.994856357574463
0 0 0 1 1 0 0 0 0 0 1 1 0 0 1 1 0 0 1 1 0 0 0 0 0 0 1 0 1 1 0 0 1 1 0 0 0 0 0 1 0 1 5.124203205108643
0 0 0 1 1 0 1 0 0 0 1 1 0 0 1 1 0 0 1 1 0 0 0 0 0 0 1 0 1 1 0 0 1 1 0 0 0 0 0 1 0 1 5.262416839599609
0 0 0 1 1 0 1 0 0 0 1 1 0 0 1 1 0 0 1 1 0 0 0 0 0 0 1 0 1 1 0 0 1 1 1 0 0 0 0 1 0 1 5.391483306884766
0 0 0 1 1 0 1 0 1 0 1 1 0 0 1 1 0 0 1 1 0 0 0 0 0 0 1 0 1 1 0 0 1 1 1 0 0 0 0 1 0 1 5.511600494384766
0 0 0 1 1 0 1 0 1 0 1 1 0 0 1 1 0 0 1 1 0 0 0 0 0 0 1 0 1 1 1 0 1 1 1 0 0 0 0 1 0 1 5.541085720062256
0 0 0 0 1 0 1 0 1 0 1 1 0 0 1 1 0 0 1 1 0 0 0 0 0 0 1 0 1 1 1 0 1 1 1 0 0 0 0 1 0 1 5.609900951385498
0 0 0 0 1 0 1 0 1 0 1 1 0 1 1 1 0 0 1 1 0 0 0 0 0 0 1 0 1 1 1 0 1 1 1 0 0 0 0 1 0 1 5.672905445098877
0 0 0 0 1 0 1 0 1 0 1 1 0 1 1 1 0 0 1 1 0 0 0 0 0 1 1 0 1 1 1 0 1 1 1 0 0 0 0 1 0 1 5.698073863983154
0 0 0 0 1 1 1 0 1 0 1 1 0 1 1 1 0 0 1 1 0 0 0 0 0 1 1 0 1 1 1 0 1 1 1 0 0 0 0 1 0 1 5.702740669250488
0 0 0 0 1 1 1 0 1 0 1 0 0 1 1 1 0 0 1 1 0 0 0 0 0 1 1 0 1 1 1 0 1 1 1 0 0 0 0 1 0 1 5.701876640319824
