0 0 1 0 1 1 0 0 1 0 0 0 0 1 1 1 0 1 0 0 0 0 0 0 0 0 0 0 0 1 0 0 0 1 1 0 0 0 0 0 0 0 5.334765434265137
0 0 1 0 1 1 0 0 1 0 0 0 0 1 1 1 0 1 0 0 0 0 0 0 0 0 0 1 0 1 0 0 0 1 1 0 0 0 0 0 0 0 5.669571876525879
0 0 1 0 1 1 0 0 1 0 0 0 0 1 1 1 0 1 0 0 0 0 0 0 0 0 1 1 0 1 0 0 0 1 1 0 0 0 0 0 0 0 6.017762184143066
0 0 1 0 1 1 0 0 1 1 0 0 0 1 1 1 0 1 0 0 0 0 0 0 0 0 1 1 0 1 0 0 0 1 1 0 0 0 0 0 0 0 6.262734889984131
0 0 1 0 1 1 0 0 1 1 0 0 0 1 1 1 0 1 0 0 0 0 0 0 0 1 1 1 0 1 0 0 0 1 1 0 0 0 0 0 0 0 6.5118865966796875
0 1 1 0 1 1 0 0 1 1 0 0 0 1 1 1 0 1 0 0 0 0 0 0 0 1 1 1 0 1 0 0 0 1 1 0 0 0 0 0 0 0 6.625363349914551
0 1 1 0 1 1 0 0 1 1 0 0 0 1 1 1 0 1 0 0 0 0 0 0 0 1 1 1 0 1 0 0 0 1 1 1 0 0 0 0 0 0 6.690580368041992
0 1 1 0 1 1 0 0 1 1 0 0 0 1 1 1 0 1 0 0 0 0 0 0 0 1 1 1 0 1 0 0 0 1 1 1 0 0 0 0 1 0 6.765041351318359
0 1 1 0 1 1 0 0 1 1 0 0 0 1 1 1 0 1 0 0 0 0 0 0 0 1 1 1 0 1 0 0 1 1 1 1 0 0 0 0 1 0 6.8225860595703125
0 1 1 0 1 1 0 0 1 1 0 0 0 1 1 1 0 1 0 0 0 0 0 0 0 1 1 1 0 1 0 0 1 1 1 1 0 0 0 1 1 0 6.848031520843506
0 1 1 0 1 1 0 0 1 1 1 0 0 1 1 1 0 1 0 0 0 0 0 0 0 1 1 1 0 1 0 0 1 1 1 1 0 0 0 1 1 0 6.896244525909424
0 1 1 0 1 1 0 0 1 1 1 0 1 1 1 1 0 1 0 0 0 0 0 0 0 1 1 1 0 1 0 0 1 1 1 1 0 0 0 1 1 0 6.922248363494873
0 1 1 0 1 1 0 0 1 1 1 0 1 1 1 1 0 1 0 0 0 0 0 0 0 1 1 1 0 1 0 0 1 1 1 1 0 0 0 0 1 0 6.977571487426758
0 1 1 0 1 1 0 0 1 1 1 0 1 1 1 1 0 1 0 0 0 0 0 0 0 1 1 1 0 1 0 0 1 1 1 1 0 0 1 0 1 0 7.01166296005249
0 1 1 0 1 1 0 0 1 1 1 0 1 1 1 1 0 1 0 0 0 0 0 0 0 1 1 1 0 1 0 0 1 0 1 1 0 0 1 0 1 0 7.027240753173828
0 0 1 0 1 1 0 0 1 1 1 0 1 1 1 1 0 1 0 0 0 0 0 0 0 1 1 1 0 1 0 0 1 0 1 1 0 0 1 0 1 0 7.027245044708252
0 1 1 0 1 1 0 0 1 1 1 0 1 1 1 1 0 1 0 0 0 0 0 0 0 1 1 1 0 1 0 0 1 0 1 1 0 0 1 0 1 0 7.027240753173828
0 0 1 0 1 0 0 0 0 1 1 0 0 0 0 1 0 0 1 0 0 0 0 0 0 1 0 0 0 1 0 0 0 1 0 0 0 0 0 0 1 1 3.870380163192749
0 0 1 0 1 0 0 0 0 1 1 0 0 0 1 1 0 0 1 0 0 0 0 0 0 1 0 0 0 1 0 0 0 1 0 0 0 0 0 0 1 1 4.2963457107543945
0 0 1 0 1 0 0 0 0 1 1 0 0 0 1 1 0 0 0 0 0 0 0 0 0 1 0 0 0 1 0 0 0 1 0 0 0 0 0 0 1 1 4.682538986206055
0 0 1 0 1 0 0 0 0 1 1 0 0 1 1 1 0 0 0 0 0 0 0 0 0 1 0 0 0 1 0 0 0 1 0 0 0 0 0 0 1 1 5.0121026039123535
0 0 1 0 1 0 0 0 0 1 1 0 1 1 1 1 0 0 0 0 0 0 0 0 0 1 0 0 0 1 0 0 0 1 0 0 0 0 0 0 1 1 5.338327407836914
0 0 1 0 1 0 0 0 0 1 1 0 1 1 1 1 0 1 0 0 0 0 0 0 0 1 0 0 0 1 0 0 0 1 0 0 0 0 0 0 1 1 5.76668119430542
0 0 1 0 1 0 0 0 0 1 1 0 1 1 1 1 0 1 0 0 0 0 0 0 0 1 0 0 0 1 0 0 1 1 0 0 0 0 0 0 1 1 5.975706577301025
0 0 1 0 1 0 0 0 0 1 1 0 1 1 1 1 0 1 0 0 0 0 0 0 0 1 0 1 0 1 0 0 1 1 0 0 0 0 0 0 1 1 6.228784561157227
0 0 1 0 1 0 0 0 1 1 1 0 1 1 1 1 0 1 0 0 0 0 0 0 0 1 0 1 0 1 0 0 1 1 0 0 0 0 0 0 1 1 6.406760215759277
0 0 1 0 1 0 0 0 1 1 1 0 1 1 1 1 0 1 0 0 0 0 0 0 0 1 1 1 0 1 0 0 1 1 0 0 0 0 0 0 1 1 6.5456647872924805
0 0 1 0 1 0 0 0 1 1 1 0 1 1 1 1 0 1 0 0 0 0 0 0 0 1 1 1 0 1 0 0 1 1 0 0 0 0 0 0 1 0 6.70897102355957
0 0 1 0 1 1 0 0 1 1 1 0 1 1 1 1 0 1 0 0 0 0 0 0 0 1 1 1 0 1 0 0 1 1 0 0 0 0 0 0 1 0 6.784739971160889
0 0 1 0 1 1 0 0 1 1 1 0 1 1 1 1 0 1 0 0 0 0 0 0 0 1 1 1 0 1 0 0 1 1 0 1 0 0 0 0 1 0 6.872352600097656
0 0 1 0 1 1 0 0 1 1 1 0 1 1 1 1 0 1 0 0 0 0 0 0 0 1 1 1 0 1 0 0 1 1 1 1 0 0 0 0 1 0 6.974305152893066
0 0 1 0 1 1 0 0 1 1 1 0 1 1 1 1 0 1 0 0 0 0 0 0 0 1 1 1 0 1 0 0 1 1 1 1 0 0 1 0 1 0 7.004265785217285
0 0 1 0 1 1 0 0 1 1 1 0 1 1 1 1 0 1 0 0 0 0 0 0 0 1 1 1 0 1 0 0 1 0 1 1 0 0 1 0 1 0 7.027245044708252
0 1 1 0 1 1 0 0 1 1 1 0 1 1 1 1 0 1 0 0 0 0 0 0 0 1 1 1 0 1 0 0 1 0 1 1 0 0 1 0 1 0 7.027240753173828
0 0 0 0 0 1 0 0 1 0 0 0 0 0 0 0 1 1 0 0 1 1 1 0 0 0 0 0 1 0 1 0 0 0 0 1 0 0 0 1 0 0 3.9500229358673096
0 0 0 0 0 1 0 1 1 0 0 0 0 0 0 0 1 1 0 0 1 1 1 0 0 0 0 0 1 0 1 0 0 0 0 1 0 0 0 1 0 0 4.431545257568359
0 0 0 0 0 1 0 1 1 0 0 0 0 0 0 0 1 1 0 0 1 1 1 0 0 0 0 0 0 0 1 0 0 0 0 1 0 0 0 1 0 0 4.826621055603027
0 0 0 0 0 1 0 1 1 0 0 0 0 0 0 0 1 1 0 0 1 1 1 0 0 0 0 0 0 0 1 1 0 0 0 1 0 0 0 1 0 0 5.226532936096191
0 0 0 0 0 1 0 1 1 0 0 0 0 0 0 0 1 1 0 0 1 1 1 0 0 0 0 1 0 0 1 1 0 0 0 1 0 0 0 1 0 0 5.513333797454834
0 0 0 0 0 1 0 1 1 0 0 0 0 0 0 0 1 1 0 0 1 1 1 0 0 0 1 1 0 0 1 1 0 0 0 1 0 0 0 1 0 0 5.727245807647705
0 0 0 0 0 1 0 1 1 0 0 0 0 0 0 0 1 1 0 0 1 1 1 0 0 0 1 1 0 0 0 1 0 0 0 1 0 0 0 1 0 0 5.908112525939941
0 0 0 0 0 1 0 1 1 0 0 1 0 0 0 0 1 1 0 0 1 1 1 0 0 0 1 1 0 0 0 1 0 0 0 1 0 0 0 1 0 0 6.048670768737793
0 0 0 0 0 1 0 1 1 0 0 1 0 0 1 0 1 1 0 0 1 1 1 0 0 0 1 1 0 0 0 1 0 0 0 1 0 0 0 1 0 0 6.187702178955078
0 0 0 0 0 1 0 1 1 0 0 1 0 0 1 0 1 1 0 0 1 0 1 0 0 0 1 1 0 0 0 1 0 0 0 1 0 0 0 1 0 0 6.318015098571777
0 0 0 0 0 1 0 1 1 0 0 1 0 0 1 0 1 1 0 0 1 0 1 0 0 0 1 1 0 0 0 1 0 0 1 1 0 0 0 1 0 0 6.418103218078613
0 0 0 0 0 1 0 1 1 0 0 1 0 0 1 0 1 1 0 0 1 0 1 0 0 0 1 1 0 0 0 1 0 0 1 1 0 1 0 1 0 0 6.490802764892578
0 0 1 0 0 1 0 1 1 0 0 1 0 0 1 0 1 1 0 0 1 0 1 0 0 0 1 1 0 0 0 1 0 0 1 1 0 1 0 1 0 0 6.542686462402344
0 0 1 0 0 1 0 1 1 0 0 1 0 0 1 0 1 1 0 0 1 0 1 0 0 0 1 1 0 0 0 1 0 1 1 1 0 1 0 1 0 0 6.569909572601318
0 0 1 0 0 1 1 1 1 0 0 1 0 0 1 0 1 1 0 0 1 0 1 0 0 0 1 1 0 0 0 1 0 1 1 1 0 1 0 1 0 0 6.612617015838623
1 0 1 0 0 1 1 1 1 0 0 1 0 0 1 0 1 1 0 0 1 0 1 0 0 0 1 1 0 0 0 1 0 1 1 1 0 1 0 1 0 0 6.64415168762207
1 0 1 0 0 1 1 1 1 0 0 1 0 0 1 0 1 1 0 0 1 0 1 0 0 0 1 1 0 0 0 1 0 1 1 1 0 1 1 1 0 0 6.669888019561768
1 0 1 0 0 1 1 1 1 0 0 1 0 0 1 0 1 1 0 0 1 0 1 1 0 0 1 1 0 0 0 1 0 1 1 1 0 1 1 1 0 0 6.658670902252197
0 0 0 0 1 0 0 0 0 0 0 0 1 0 1 1 0 0 1 1 0 0 0 0 0 1 1 0 0 1 0 1 0 0 0 0 0 0 0 0 0 1 3.3815417289733887
0 0 1 0 1 0 0 0 0 0 0 0 1 0 1 1 0 0 1 1 0 0 0 0 0 1 1 0 0 1 0 1 0 0 0 0 0 0 0 0 0 1 3.812990427017212
0 0 1 0 1 0 0 0 0 1 0 0 1 0 1 1 0 0 1 1 0 0 0 0 0 1 1 0 0 1 0 1 0 0 0 0 0 0 0 0 0 1 4.285072326660156
0 0 1 0 1 0 0 0 0 1 0 0 1 0 1 1 0 1 1 1 0 0 0 0 0 1 1 0 0 1 0 1 0 0 0 0 0 0 0 0 0 1 4.589519500732422
0 0 1 0 1 0 0 0 0 1 0 0 1 0 1 1 0 1 1 1 0 0 0 0 0 1 1 0 0 1 0 1 0 0 0 0 0 0 0 0 1 1 4.9021782875061035
0 0 1 0 1 0 0 0 0 1 0 0 1 0 1 1 0 1 0 1 0 0 0 0 0 1 1 0 0 1 0 1 0 0 0 0 0 0 0 0 1 1 5.20557165145874
0 0 1 0 1 0 0 0 0 1 0 0 1 0 1 1 0 1 0 1 0 0 0 0 0 1 1 1 0 1 0 1 0 0 0 0 0 0 0 0 1 1 5.425600528717041
0 0 1 0 1 0 0 0 0 1 0 0 1 1 1 1 0 1 0 1 0 0 0 0 0 1 1 1 0 1 0 1 0 0 0 0 0 0 0 0 1 1 5.662268161773682
0 0 1 0 1 0 0 0 0 1 0 0 1 1 1 1 0 1 0 1 0 0 0 0 0 1 1 1 0 1 0 1 1 0 0 0 0 0 0 0 1 1 5.915534496307373
0 0 1 0 1 0 0 0 0 1 1 0 1 1 1 1 0 1 0 1 0 0 0 0 0 1 1 1 0 1 0 1 1 0 0 0 0 0 0 0 1 1 6.181120872497559
0 0 1 0 1 0 0 0 0 1 1 0 1 1 1 1 0 1 0 1 0 0 0 0 0 1 1 1 0 1 0 0 1 0 0 0 0 0 0 0 1 1 6.38710355758667
0 0 1 0 1 0 0 0 1 1 1 0 1 1 1 1 0 1 0 1 0 0 0 0 0 1 1 1 0 1 0 0 1 0 0 0 0 0 0 0 1 1 6.5422468185424805
0 0 1 0 1 0 0 0 1 1 1 0 1 1 1 1 0 1 0 1 0 0 0 0 0 1 1 1 0 1 0 0 1 0 0 0 0 0 0 0 1 0 6.660079002380371
0 0 1 0 1 1 0 0 1 1 1 0 1 1 1 1 0 1 0 1 0 0 0 0 0 1 1 1 0 1 0 0 1 0 0 0 0 0 0 0 1 0 6.75813102722168
0 0 1 0 1 1 0 0 1 1 1 0 1 1 1 1 0 1 0 1 0 0 0 0 0 1 1 1 0 1 0 0 1 0 0 1 0 0 0 0 1 0 6.836754322052002
0 0 1 0 1 1 0 0 1 1 1 0 1 1 1 1 0 1 0 1 0 0 0 0 0 1 1 1 0 1 0 0 1 0 1 1 0 0 0 0 1 0 6.9347100257873535
0 0 1 0 1 1 0 0 1 1 1 0 1 1 1 1 0 1 0 1 0 0 0 0 0 1 1 1 0 1 0 0 1 0 1 1 0 0 1 0 1 0 6.977831840515137
0 0 1 0 1 1 0 0 1 1 1 0 1 1 1 1 0 1 0 0 0 0 0 0 0 1 1 1 0 1 0 0 1 0 1 1 0 0 1 0 1 0 7.027245044708252
0 1 1 0 1 1 0 0 1 1 1 0 1 1 1 1 0 1 0 0 0 0 0 0 0 1 1 1 0 1 0 0 1 0 1 1 0 0 1 0 1 0 7.027240753173828
0 0 1 0 0 1 0 0 1 1 0 0 0 1 0 0 1 1 0 0 0 0 0 0 1 0 0 0 0 1 0 0 0 0 1 0 0 0 0 1 0 0 3.9994044303894043
0 0 1 0 0 1 0 0 1 1 0 0 0 1 0 0 1 1 0 0 0 0 0 0 0 0 0 0 0 1 0 0 0 0 1 0 0 0 0 1 0 0 4.617323398590088
0 0 1 0 0 1 0 0 1 1 0 0 0 1 0 0 1 1 0 0 0 0 0 0 0 0 1 0 0 1 0 0 0 0 1 0 0 0 0 1 0 0 5.092770099639893
0 0 1 0 0 1 0 0 1 1 0 0 0 1 0 0 1 1 0 0 0 0 0 0 0 0 1 1 0 1 0 0 0 0 1 0 0 0 0 1 0 0 5.4138054847717285
0 0 1 0 0 1 0 0 1 1 0 0 0 1 0 0 0 1 0 0 0 0 0 0 0 0 1 1 0 1 0 0 0 0 1 0 0 0 0 1 0 0 5.706326007843018
0 0 1 0 0 1 0 0 1 1 0 0 0 1 1 0 0 1 0 0 0 0 0 0 0 0 1 1 0 1 0 0 0 0 1 0 0 0 0 1 0 0 5.963984966278076
0 0 1 0 0 1 0 0 1 1 0 0 0 1 1 0 0 1 0 0 0 0 0 0 0 0 1 1 0 1 0 0 0 0 1 1 0 0 0 1 0 0 6.135029315948486
0 0 1 0 0 1 0 0 1 1 0 0 0 1 1 0 0 1 0 0 0 0 0 0 0 1 1 1 0 1 0 0 0 0 1 1 0 0 0 1 0 0 6.324145793914795
0 0 1 0 0 1 0 0 1 1 0 0 0 1 1 0 0 1 0 0 0 0 0 0 0 1 1 1 0 1 0 0 0 1 1 1 0 0 0 1 0 0 6.487298011779785
0 0 1 0 0 1 0 0 1 1 0 0 0 1 1 0 0 1 0 0 0 0 0 0 0 1 1 1 0 1 0 0 0 1 1 1 0 0 0 1 1 0 6.5665788650512695
0 0 1 0 0 1 0 0 1 1 1 0 0 1 1 0 0 1 0 0 0 0 0 0 0 1 1 1 0 1 0 0 0 1 1 1 0 0 0 1 1 0 6.650910377502441
0 1 1 0 0 1 0 0 1 1 1 0 0 1 1 0 0 1 0 0 0 0 0 0 0 1 1 1 0 1 0 0 0 1 1 1 0 0 0 1 1 0 6.746059894561768
0 1 1 0 0 1 0 0 1 1 1 0 0 1 1 0 0 1 0 0 0 0 0 0 0 1 1 1 0 1 0 0 1 1 1 1 0 0 0 1 1 0 6.811854362487793
0 1 1 0 1 1 0 0 1 1 1 0 0 1 1 0 0 1 0 0 0 0 0 0 0 1 1 1 0 1 0 0 1 1 1 1 0 0 0 1 1 0 6.85933256149292
0 1 1 0 1 1 0 0 1 1 1 0 0 1 1 1 0 1 0 0 0 0 0 0 0 1 1 1 0 1 0 0 1 1 1 1 0 0 0 1 1 0 6.896244525909424
0 1 1 0 1 1 0 0 1 1 1 0 1 1 1 1 0 1 0 0 0 0 0 0 0 1 1 1 0 1 0 0 1 1 1 1 0 0 0 1 1 0 6.922248363494873
0 1 1 0 1 1 0 0 1 1 1 0 1 1 1 1 0 1 0 0 0 0 0 0 0 1 1 1 0 1 0 0 1 1 1 1 0 0 0 0 1 0 6.977571487426758
0 1 1 0 1 1 0 0 1 1 1 0 1 1 1 1 0 1 0 0 0 0 0 0 0 1 1 1 0 1 0 0 1 1 1 1 0 0 1 0 1 0 7.01166296005249
0 1 1 0 1 1 0 0 1 1 1 0 1 1 1 1 0 1 0 0 0 0 0 0 0 1 1 1 0 1 0 0 1 0 1 1 0 0 1 0 1 0 7.027240753173828
0 0 1 0 1 1 0 0 1 1 1 0 1 1 1 1 0 1 0 0 0 0 0 0 0 1 1 1 0 1 0 0 1 0 1 1 0 0 1 0 1 0 7.027245044708252
0 1 1 0 1 1 0 0 1 1 1 0 1 1 1 1 0 1 0 0 0 0 0 0 0 1 1 1 0 1 0 0 1 0 1 1 0 0 1 0 1 0 7.027240753173828
0 1 1 0 1 1 0 0 1 0 0 0 0 1 1 1 0 0 0 0 0 0 0 0 0 0 0 0 0 1 0 0 0 1 1 0 0 0 0 0 0 0 4.916697978973389
0 1 1 0 1 1 0 0 1 0 0 0 0 1 1 1 0 1 0 0 0 0 0 0 0 0 0 0 0 1 0 0 0 1 1 0 0 0 0 0 0 0 5.542289733886719
0 1 1 0 1 1 0 0 1 0 0 0 0 1 1 1 0 1 0 0 0 0 0 0 0 0 1 0 0 1 0 0 0 1 1 0 0 0 0 0 0 0 5.830245018005371
0 1 1 0 1 1 0 0 1 0 0 0 0 1 1 1 0 1 0 0 0 0 0 0 0 0 1 1 0 1 0 0 0 1 1 0 0 0 0 0 0 0 6.1840105056762695
0 1 1 0 1 1 0 0 1 1 0 0 0 1 1 1 0 1 0 0 0 0 0 0 0 0 1 1 0 1 0 0 0 1 1 0 0 0 0 0 0 0 6.381812572479248
0 1 1 0 1 1 0 0 1 1 0 0 0 1 1 1 0 1 0 0 0 0 0 0 0 1 1 1 0 1 0 0 0 1 1 0 0 0 0 0 0 0 6.625363349914551
0 1 1 0 1 1 0 0 1 1 0 0 0 1 1 1 0 1 0 0 0 0 0 0 0 1 1 1 0 1 0 0 0 1 1 1 0 0 0 0 0 0 6.690580368041992
0 1 1 0 1 1 0 0 1 1 0 0 0 1 1 1 0 1 0 0 0 0 0 0 0 1 1 1 0 1 0 0 0 1 1 1 0 0 0 0 1 0 6.765041351318359
0 1 1 0 1 1 0 0 1 1 0 0 0 1 1 1 0 1 0 0 0 0 0 0 0 1 1 1 0 1 0 0 1 1 1 1 0 0 0 0 1 0 6.8225860595703125
0 1 1 0 1 1 0 0 1 1 0 0 0 1 1 1 0 1 0 0 0 0 0 0 0 1 1 1 0 1 0 0 1 1 1 1 0 0 0 1 1 0 6.848031520843506
0 1 1 0 1 1 0 0 1 1 1 0 0 1 1 1 0 1 0 0 0 0 0 0 0 1 1 1 0 1 0 0 1 1 1 1 0 0 0 1 1 0 6.896244525909424
0 1 1 0 1 1 0 0 1 1 1 0 1 1 1 1 0 1 0 0 0 0 0 0 0 1 1 1 0 1 0 0 1 1 1 1 0 0 0 1 1 0 6.922248363494873
0 1 1 0 1 1 0 0 1 1 1 0 1 1 1 1 0 1 0 0 0 0 0 0 0 1 1 1 0 1 0 0 1 1 1 1 0 0 0 0 1 0 6.977571487426758
0 1 1 0 1 1 0 0 1 1 1 0 1 1 1 1 0 1 0 0 0 0 0 0 0 1 1 1 0 1 0 0 1 1 1 1 0 0 1 0 1 0 7.01166296005249
0 1 1 0 1 1 0 0 1 1 1 0 1 1 1 1 0 1 0 0 0 0 0 0 0 1 1 1 0 1 0 0 1 0 1 1 0 0 1 0 1 0 7.027240753173828
0 0 1 0 1 1 0 0 1 1 1 0 1 1 1 1 0 1 0 0 0 0 0 0 0 1 1 1 0 1 0 0 1 0 1 1 0 0 1 0 1 0 7.027245044708252
0 1 1 0 1 1 0 0 1 1 1 0 1 1 1 1 0 1 0 0 0 0 0 0 0 1 1 1 0 1 0 0 1 0 1 1 0 0 1 0 1 0 7.027240753173828
0 1 0 0 1 0 0 0 0 1 1 0 0 0 1 1 0 1 0 0 0 0 0 0 0 0 0 0 1 1 0 0 0 1 1 0 0 0 0 0 0 0 4.980475902557373
0 1 0 0 1 0 0 0 0 1 1 0 1 0 1 1 0 1 0 0 0 0 0 0 0 0 0 0 1 1 0 0 0 1 1 0 0 0 0 0 0 0 5.431164264678955
0 1 0 0 1 0 0 0 0 1 1 0 1 0 1 1 0 1 0 0 0 0 0 0 0 0 0 0 1 1 0 0 1 1 1 0 0 0 0 0 0 0 5.8265061378479
0 1 0 0 1 0 0 0 1 1 1 0 1 0 1 1 0 1 0 0 0 0 0 0 0 0 0 0 1 1 0 0 1 1 1 0 0 0 0 0 0 0 5.991772651672363
0 1 0 0 1 0 0 0 1 1 1 0 1 0 1 1 0 1 0 0 0 0 0 0 0 0 0 0 1 1 0 0 1 1 1 0 0 0 0 1 0 0 6.144379138946533
0 1 0 0 1 0 0 0 1 1 1 0 1 0 1 1 0 1 0 0 0 0 0 0 0 0 0 0 1 1 0 0 1 1 1 0 0 0 0 1 1 0 6.337477207183838
0 1 0 0 1 0 0 0 1 1 1 0 1 0 1 1 0 1 0 0 0 0 0 0 0 1 0 0 1 1 0 0 1 1 1 0 0 0 0 1 1 0 6.529444694519043
0 1 0 0 1 0 0 0 1 1 1 0 1 0 1 1 0 1 0 0 0 0 0 0 0 1 0 1 1 1 0 0 1 1 1 0 0 0 0 1 1 0 6.6785783767700195
0 1 0 0 1 0 0 0 1 1 1 0 1 0 1 1 0 1 0 0 0 0 0 0 0 1 1 1 1 1 0 0 1 1 1 0 0 0 0 1 1 0 6.7864532470703125
0 1 0 0 1 0 1 0 1 1 1 0 1 0 1 1 0 1 0 0 0 0 0 0 0 1 1 1 1 1 0 0 1 1 1 0 0 0 0 1 1 0 6.898220062255859
0 0 0 0 1 0 1 0 1 1 1 0 1 0 1 1 0 1 0 0 0 0 0 0 0 1 1 1 1 1 0 0 1 1 1 0 0 0 0 1 1 0 6.98272705078125
0 0 0 0 1 1 1 0 1 1 1 0 1 0 1 1 0 1 0 0 0 0 0 0 0 1 1 1 1 1 0 0 1 1 1 0 0 0 0 1 1 0 7.055324554443359
0 0 0 0 1 1 1 0 1 1 1 0 1 0 1 1 0 1 0 0 0 0 0 0 0 1 1 1 1 1 0 0 1 1 1 0 0 0 1 1 1 0 7.0953521728515625
0 0 0 0 1 1 1 0 1 1 1 0 1 0 1 1 0 1 0 1 0 0 0 0 0 1 1 1 1 1 0 0 1 1 1 0 0 0 1 1 1 0 7.100183486938477
1 0 0 0 1 1 1 0 1 1 1 0 1 0 1 1 0 1 0 1 0 0 0 0 0 1 1 1 1 1 0 0 1 1 1 0 0 0 1 1 1 0 7.122417449951172
1 0 0 0 1 1 1 0 1 1 1 0 1 0 1 1 0 1 0 1 0 0 0 0 0 1 1 1 1 1 0 0 1 1 1 0 0 0 0 1 1 0 7.1060686111450195
0 0 0 0 0 1 0 0 1 0 0 0 0 0 1 1 1 1 1 0 0 0 0 0 0 0 1 0 0 0 0 0 1 1 1 0 0 0 0 0 0 0 4.3247880935668945
0 0 0 0 0 1 0 0 1 0 0 0 0 0 1 1 1 1 1 0 0 0 0 0 0 0 1 1 0 0 0 0 1 1 1 0 0 0 0 0 0 0 4.915409088134766
0 0 0 0 0 1 0 0 1 0 0 0 0 0 1 1 1 1 1 0 0 0 0 0 0 0 1 1 0 0 0 0 1 1 1 0 0 0 0 1 0 0 5.353113174438477
0 0 0 0 0 1 0 0 1 0 0 0 0 0 1 1 1 1 0 0 0 0 0 0 0 0 1 1 0 0 0 0 1 1 1 0 0 0 0 1 0 0 5.6828508377075195
0 0 0 0 0 1 0 0 1 0 0 0 0 0 1 1 1 1 0 0 0 0 0 0 0 1 1 1 0 0 0 0 1 1 1 0 0 0 0 1 0 0 5.859413146972656
0 0 0 0 0 1 0 0 1 1 0 0 0 0 1 1 1 1 0 0 0 0 0 0 0 1 1 1 0 0 0 0 1 1 1 0 0 0 0 1 0 0 6.049352645874023
0 0 0 0 0 1 1 0 1 1 0 0 0 0 1 1 1 1 0 0 0 0 0 0 0 1 1 1 0 0 0 0 1 1 1 0 0 0 0 1 0 0 6.208021640777588
0 0 0 0 0 1 1 0 1 1 0 0 0 0 1 0 1 1 0 0 0 0 0 0 0 1 1 1 0 0 0 0 1 1 1 0 0 0 0 1 0 0 6.324889183044434
0 0 0 0 0 1 1 0 1 1 0 0 0 0 1 0 1 1 0 0 0 0 0 0 0 1 1 1 0 1 0 0 1 1 1 0 0 0 0 1 0 0 6.43316650390625
0 0 0 0 0 1 1 0 1 1 1 0 0 0 1 0 1 1 0 0 0 0 0 0 0 1 1 1 0 1 0 0 1 1 1 0 0 0 0 1 0 0 6.482893943786621
0 0 0 0 0 1 1 0 1 1 1 0 0 0 1 0 0 1 0 0 0 0 0 0 0 1 1 1 0 1 0 0 1 1 1 0 0 0 0 1 0 0 6.676638126373291
0 0 0 0 0 1 1 0 1 1 1 0 0 0 1 0 0 1 0 0 0 0 0 0 0 1 1 1 1 1 0 0 1 1 1 0 0 0 0 1 0 0 6.842105865478516
0 0 0 0 1 1 1 0 1 1 1 0 0 0 1 0 0 1 0 0 0 0 0 0 0 1 1 1 1 1 0 0 1 1 1 0 0 0 0 1 0 0 6.952708721160889
0 0 1 0 1 1 1 0 1 1 1 0 0 0 1 0 0 1 0 0 0 0 0 0 0 1 1 1 1 1 0 0 1 1 1 0 0 0 0 1 0 0 6.978249549865723
0 0 1 0 1 1 1 0 1 1 1 0 0 0 1 0 0 1 0 1 0 0 0 0 0 1 1 1 1 1 0 0 1 1 1 0 0 0 0 1 0 0 7.011837959289551
0 0 1 1 1 1 1 0 1 1 1 0 0 0 1 0 0 1 0 1 0 0 0 0 0 1 1 1 1 1 0 0 1 1 1 0 0 0 0 1 0 0 6.996726036071777
0 1 0 0 1 0 0 0 0 1 1 0 0 0 0 1 0 0 1 0 0 0 0 0 0 1 0 0 0 1 0 0 0 1 0 0 0 0 0 0 0 0 3.6854395866394043
0 1 0 0 1 0 0 0 0 1 1 0 0 0 1 1 0 0 1 0 0 0 0 0 0 1 0 0 0 1 0 0 0 1 0 0 0 0 0 0 0 0 4.133556842803955
0 1 0 0 1 0 0 0 0 1 1 0 0 0 1 1 0 0 1 0 0 0 0 0 0 1 0 0 1 1 0 0 0 1 0 0 0 0 0 0 0 0 4.54042387008667
0 1 0 0 1 0 0 0 0 1 1 0 1 0 1 1 0 0 1 0 0 0 0 0 0 1 0 0 1 1 0 0 0 1 0 0 0 0 0 0 0 0 4.920889377593994
0 1 0 0 1 0 0 0 0 1 1 0 1 0 1 1 0 0 1 0 0 0 0 0 0 1 0 0 1 1 0 0 1 1 0 0 0 0 0 0 0 0 5.24901819229126
0 1 0 0 1 0 0 0 0 1 1 0 1 0 1 1 0 0 0 0 0 0 0 0 0 1 0 0 1 1 0 0 1 1 0 0 0 0 0 0 0 0 5.593234539031982
0 1 0 0 1 0 0 0 0 1 1 0 1 0 1 1 0 1 0 0 0 0 0 0 0 1 0 0 1 1 0 0 1 1 0 0 0 0 0 0 0 0 5.83623743057251
0 1 0 0 1 0 0 0 0 1 1 0 1 0 1 1 0 1 0 0 0 0 0 0 0 1 0 1 1 1 0 0 1 1 0 0 0 0 0 0 0 0 6.045559883117676
0 1 0 0 1 0 0 0 0 1 1 0 1 0 1 1 0 1 0 0 0 0 0 0 0 1 0 1 1 1 0 0 1 1 1 0 0 0 0 0 0 0 6.242940425872803
0 1 0 0 1 0 0 0 0 1 1 0 1 0 1 1 0 1 0 0 0 0 0 0 0 1 0 1 1 1 0 0 1 1 1 0 0 0 0 1 0 0 6.408938407897949
0 1 0 0 1 0 0 0 0 1 1 0 1 0 1 1 0 1 0 0 0 0 0 0 0 1 0 1 1 1 0 0 1 1 1 0 0 0 0 1 1 0 6.592923641204834
0 1 0 0 1 0 0 0 1 1 1 0 1 0 1 1 0 1 0 0 0 0 0 0 0 1 0 1 1 1 0 0 1 1 1 0 0 0 0 1 1 0 6.6785783767700195
0 1 0 0 1 0 0 0 1 1 1 0 1 0 1 1 0 1 0 0 0 0 0 0 0 1 1 1 1 1 0 0 1 1 1 0 0 0 0 1 1 0 6.7864532470703125
0 1 0 0 1 0 1 0 1 1 1 0 1 0 1 1 0 1 0 0 0 0 0 0 0 1 1 1 1 1 0 0 1 1 1 0 0 0 0 1 1 0 6.898220062255859
0 0 0 0 1 0 1 0 1 1 1 0 1 0 1 1 0 1 0 0 0 0 0 0 0 1 1 1 1 1 0 0 1 1 1 0 0 0 0 1 1 0 6.98272705078125
0 0 0 0 1 1 1 0 1 1 1 0 1 0 1 1 0 1 0 0 0 0 0 0 0 1 1 1 1 1 0 0 1 1 1 0 0 0 0 1 1 0 7.055324554443359
0 0 0 0 1 1 1 0 1 1 1 0 1 0 1 1 0 1 0 0 0 0 0 0 0 1 1 1 1 1 0 0 1 1 1 0 0 0 1 1 1 0 7.0953521728515625
0 0 0 0 1 1 1 0 1 1 1 0 1 0 1 1 0 1 0 1 0 0 0 0 0 1 1 1 1 1 0 0 1 1 1 0 0 0 1 1 1 0 7.100183486938477
1 0 0 0 1 1 1 0 1 1 1 0 1 0 1 1 0 1 0 1 0 0 0 0 0 1 1 1 1 1 0 0 1 1 1 0 0 0 1 1 1 0 7.122417449951172
1 0 0 0 1 1 1 0 1 1 1 0 1 0 1 1 0 1 0 1 0 0 0 0 0 1 1 1 1 1 0 0 1 1 1 0 0 0 0 1 1 0 7.1060686111450195
0 1 0 1 0 1 0 0 0 1 0 0 1 0 0 1 0 1 0 0 0 1 0 0 0 0 0 0 0 0 0 0 1 0 1 0 0 1 0 0 0 0 3.3130147457122803
0 1 0 1 0 1 0 0 0 1 0 0 1 0 0 1 0 1 0 0 0 0 0 0 0 0 0 0 0 0 0 0 1 0 1 0 0 1 0 0 0 0 3.7481939792633057
0 1 0 1 0 1 0 0 0 1 0 0 1 0 0 1 0 1 0 0 0 0 0 0 0 0 0 0 0 0 0 0 1 0 1 0 0 0 0 0 0 0 4.1597580909729
0 1 0 1 0 1 0 0 0 1 0 0 1 0 0 1 0 1 0 0 0 0 0 0 0 0 0 0 0 1 0 0 1 0 1 0 0 0 0 0 0 0 4.483452320098877
0 1 0 1 0 1 0 0 0 1 0 0 1 0 0 1 0 1 0 0 0 0 0 0 0 0 0 0 0 1 0 0 1 0 1 0 0 0 0 0 1 0 4.87872838973999
0 1 0 1 0 1 0 0 0 1 0 0 1 1 0 1 0 1 0 0 0 0 0 0 0 0 0 0 0 1 0 0 1 0 1 0 0 0 0 0 1 0 5.208515167236328
0 1 0 1 0 1 0 0 0 1 0 0 1 1 1 1 0 1 0 0 0 0 0 0 0 0 0 0 0 1 0 0 1 0 1 0 0 0 0 0 1 0 5.487915992736816
0 1 0 1 0 1 0 0 0 1 1 0 1 1 1 1 0 1 0 0 0 0 0 0 0 0 0 0 0 1 0 0 1 0 1 0 0 0 0 0 1 0 5.723979949951172
0 1 0 1 0 1 0 0 1 1 1 0 1 1 1 1 0 1 0 0 0 0 0 0 0 0 0 0 0 1 0 0 1 0 1 0 0 0 0 0 1 0 5.919456481933594
0 1 1 1 0 1 0 0 1 1 1 0 1 1 1 1 0 1 0 0 0 0 0 0 0 0 0 0 0 1 0 0 1 0 1 0 0 0 0 0 1 0 6.1095757484436035
0 1 1 1 0 1 0 0 1 1 1 0 1 1 1 1 0 1 0 0 0 0 0 0 0 1 0 0 0 1 0 0 1 0 1 0 0 0 0 0 1 0 6.325411319732666
0 1 1 1 0 1 0 0 1 1 1 0 1 1 1 1 0 1 0 0 0 0 0 0 0 1 0 1 0 1 0 0 1 0 1 0 0 0 0 0 1 0 6.557461261749268
0 1 1 1 1 1 0 0 1 1 1 0 1 1 1 1 0 1 0 0 0 0 0 0 0 1 0 1 0 1 0 0 1 0 1 0 0 0 0 0 1 0 6.687686920166016
0 1 1 1 1 1 0 0 1 1 1 0 1 1 1 1 0 1 0 0 0 0 0 0 0 1 1 1 0 1 0 0 1 0 1 0 0 0 0 0 1 0 6.8303680419921875
0 1 1 1 1 1 0 0 1 1 1 0 1 1 1 1 0 1 0 0 0 0 0 0 0 1 1 1 0 1 0 0 1 0 1 1 0 0 0 0 1 0 6.962708473205566
0 1 1 1 1 1 0 0 1 1 1 0 1 1 1 1 0 1 0 0 0 0 0 0 0 1 1 1 0 1 0 0 1 0 1 1 0 0 1 0 1 0 6.996311187744141
0 1 1 0 1 1 0 0 1 1 1 0 1 1 1 1 0 1 0 0 0 0 0 0 0 1 1 1 0 1 0 0 1 0 1 1 0 0 1 0 1 0 7.027240753173828
0 0 1 0 1 1 0 0 1 1 1 0 1 1 1 1 0 1 0 0 0 0 0 0 0 1 1 1 0 1 0 0 1 0 1 1 0 0 1 0 1 0 7.027245044708252
0 1 1 0 1 1 0 0 1 1 1 0 1 1 1 1 0 1 0 0 0 0 0 0 0 1 1 1 0 1 0 0 1 0 1 1 0 0 1 0 1 0 7.027240753173828
0 0 0 0 0 1 0 0 1 0 0 0 0 1 1 0 0 0 1 0 0 0 0 0 0 0 1 0 0 1 0 0 0 1 1 0 0 0 0 0 0 0 4.169753551483154
0 0 1 0 0 1 0 0 1 0 0 0 0 1 1 0 0 0 1 0 0 0 0 0 0 0 1 0 0 1 0 0 0 1 1 0 0 0 0 0 0 0 4.7117719650268555
0 0 1 0 0 1 0 0 1 0 0 0 0 1 1 0 0 1 1 0 0 0 0 0 0 0 1 0 0 1 0 0 0 1 1 0 0 0 0 0 0 0 5.266381740570068
0 0 1 0 0 1 0 0 1 0 0 0 0 1 1 0 0 1 1 0 0 0 0 0 0 0 1 1 0 1 0 0 0 1 1 0 0 0 0 0 0 0 5.594720840454102
0 0 1 0 0 1 0 0 1 0 0 0 0 1 1 0 0 1 0 0 0 0 0 0 0 0 1 1 0 1 0 0 0 1 1 0 0 0 0 0 0 0 5.847728252410889
0 0 1 0 0 1 0 0 1 0 0 0 0 1 1 0 0 1 0 0 0 0 0 0 0 1 1 1 0 1 0 0 0 1 1 0 0 0 0 0 0 0 6.0776166915893555
0 0 1 0 0 1 0 0 1 1 0 0 0 1 1 0 0 1 0 0 0 0 0 0 0 1 1 1 0 1 0 0 0 1 1 0 0 0 0 0 0 0 6.327388286590576
0 0 1 0 0 1 0 0 1 1 0 0 0 1 1 0 0 1 0 0 0 0 0 0 0 1 1 1 0 1 0 0 0 1 1 1 0 0 0 0 0 0 6.442863941192627
0 0 1 0 0 1 0 0 1 1 0 0 0 1 1 1 0 1 0 0 0 0 0 0 0 1 1 1 0 1 0 0 0 1 1 1 0 0 0 0 0 0 6.5319647789001465
0 1 1 0 0 1 0 0 1 1 0 0 0 1 1 1 0 1 0 0 0 0 0 0 0 1 1 1 0 1 0 0 0 1 1 1 0 0 0 0 0 0 6.641795635223389
0 1 1 0 0 1 0 0 1 1 0 0 0 1 1 1 0 1 0 0 0 0 0 0 0 1 1 1 0 1 0 0 0 1 1 1 0 0 0 0 1 0 6.702330589294434
0 1 1 0 1 1 0 0 1 1 0 0 0 1 1 1 0 1 0 0 0 0 0 0 0 1 1 1 0 1 0 0 0 1 1 1 0 0 0 0 1 0 6.765041351318359
0 1 1 0 1 1 0 0 1 1 0 0 0 1 1 1 0 1 0 0 0 0 0 0 0 1 1 1 0 1 0 0 1 1 1 1 0 0 0 0 1 0 6.8225860595703125
0 1 1 0 1 1 0 0 1 1 0 0 0 1 1 1 0 1 0 0 0 0 0 0 0 1 1 1 0 1 0 0 1 1 1 1 0 0 0 1 1 0 6.848031520843506
0 1 1 0 1 1 0 0 1 1 1 0 0 1 1 1 0 1 0 0 0 0 0 0 0 1 1 1 0 1 0 0 1 1 1 1 0 0 0 1 1 0 6.896244525909424
0 1 1 0 1 1 0 0 1 1 1 0 1 1 1 1 0 1 0 0 0 0 0 0 0 1 1 1 0 1 0 0 1 1 1 1 0 0 0 1 1 0 6.922248363494873
0 1 1 0 1 1 0 0 1 1 1 0 1 1 1 1 0 1 0 0 0 0 0 0 0 1 1 1 0 1 0 0 1 1 1 1 0 0 0 0 1 0 6.977571487426758
0 1 1 0 1 1 0 0 1 1 1 0 1 1 1 1 0 1 0 0 0 0 0 0 0 1 1 1 0 1 0 0 1 1 1 1 0 0 1 0 1 0 7.01166296005249
0 1 1 0 1 1 0 0 1 1 1 0 1 1 1 1 0 1 0 0 0 0 0 0 0 1 1 1 0 1 0 0 1 0 1 1 0 0 1 0 1 0 7.027240753173828
0 0 1 0 1 1 0 0 1 1 1 0 1 1 1 1 0 1 0 0 0 0 0 0 0 1 1 1 0 1 0 0 1 0 1 1 0 0 1 0 1 0 7.027245044708252
0 1 1 0 1 1 0 0 1 1 1 0 1 1 1 1 0 1 0 0 0 0 0 0 0 1 1 1 0 1 0 0 1 0 1 1 0 0 1 0 1 0 7.027240753173828
0 0 1 0 1 0 0 0 0 0 1 0 0 0 1 1 0 0 0 1 1 0 0 0 0 0 0 0 0 1 0 1 0 1 0 0 0 0 0 0 1 0 3.8892035484313965
0 0 1 0 1 0 0 0 0 1 1 0 0 0 1 1 0 0 0 1 1 0 0 0 0 0 0 0 0 1 0 1 0 1 0 0 0 0 0 0 1 0 4.372862815856934
0 0 1 0 1 0 0 0 0 1 1 0 0 0 1 1 0 0 0 1 1 0 0 0 0 0 0 0 0 1 0 1 1 1 0 0 0 0 0 0 1 0 4.728908061981201
0 0 1 0 1 0 0 0 0 1 1 0 0 0 1 1 0 0 0 1 1 0 0 0 0 0 0 1 0 1 0 1 1 1 0 0 0 0 0 0 1 0 5.056700706481934
0 0 1 0 1 0 0 0 0 1 1 0 0 1 1 1 0 0 0 1 1 0 0 0 0 0 0 1 0 1 0 1 1 1 0 0 0 0 0 0 1 0 5.417821884155273
0 0 1 0 1 0 0 0 0 1 1 0 0 1 1 1 0 1 0 1 1 0 0 0 0 0 0 1 0 1 0 1 1 1 0 0 0 0 0 0 1 0 5.666359901428223
0 0 1 0 1 0 0 0 1 1 1 0 0 1 1 1 0 1 0 1 1 0 0 0 0 0 0 1 0 1 0 1 1 1 0 0 0 0 0 0 1 0 5.902810573577881
0 0 1 0 1 0 0 0 1 1 1 0 0 1 1 1 0 1 0 1 1 0 0 0 0 0 0 1 0 1 0 0 1 1 0 0 0 0 0 0 1 0 6.0567498207092285
0 0 1 0 1 0 0 0 1 1 1 0 0 1 1 1 0 1 0 1 1 0 0 0 0 0 1 1 0 1 0 0 1 1 0 0 0 0 0 0 1 0 6.204942226409912
0 0 1 0 1 0 0 0 1 1 1 0 0 1 1 1 0 1 0 1 1 0 0 0 0 1 1 1 0 1 0 0 1 1 0 0 0 0 0 0 1 0 6.363509178161621
0 0 1 0 1 0 0 0 1 1 1 0 0 1 1 1 0 1 0 1 0 0 0 0 0 1 1 1 0 1 0 0 1 1 0 0 0 0 0 0 1 0 6.519906997680664
0 0 1 0 1 0 0 0 1 1 1 0 1 1 1 1 0 1 0 1 0 0 0 0 0 1 1 1 0 1 0 0 1 1 0 0 0 0 0 0 1 0 6.667172908782959
0 0 1 0 1 1 0 0 1 1 1 0 1 1 1 1 0 1 0 1 0 0 0 0 0 1 1 1 0 1 0 0 1 1 0 0 0 0 0 0 1 0 6.754733562469482
0 0 1 0 1 1 0 0 1 1 1 0 1 1 1 1 0 1 0 1 0 0 0 0 0 1 1 1 0 1 0 0 1 1 1 0 0 0 0 0 1 0 6.8358869552612305
0 0 1 0 1 1 0 0 1 1 1 0 1 1 1 1 0 1 0 1 0 0 0 0 0 1 1 1 0 1 0 0 1 1 1 1 0 0 0 0 1 0 6.94261360168457
0 0 1 0 1 1 0 0 1 1 1 0 1 1 1 1 0 1 0 0 0 0 0 0 0 1 1 1 0 1 0 0 1 1 1 1 0 0 0 0 1 0 6.974305152893066
0 0 1 0 1 1 0 0 1 1 1 0 1 1 1 1 0 1 0 0 0 0 0 0 0 1 1 1 0 1 0 0 1 1 1 1 0 0 1 0 1 0 7.004265785217285
0 0 1 0 1 1 0 0 1 1 1 0 1 1 1 1 0 1 0 0 0 0 0 0 0 1 1 1 0 1 0 0 1 0 1 1 0 0 1 0 1 0 7.027245044708252
0 1 1 0 1 1 0 0 1 1 1 0 1 1 1 1 0 1 0 0 0 0 0 0 0 1 1 1 0 1 0 0 1 0 1 1 0 0 1 0 1 0 7.027240753173828
0 0 1 1 0 1 0 0 1 1 0 0 0 1 0 0 0 0 0 0 0 0 0 0 1 1 0 0 0 1 0 0 0 0 1 0 0 0 0 0 0 1 4.117918968200684
0 0 1 1 0 1 0 0 1 1 0 0 0 1 0 0 0 1 0 0 0 0 0 0 1 1 0 0 0 1 0 0 0 0 1 0 0 0 0 0 0 1 4.5258708000183105
0 0 1 1 0 1 0 0 1 1 0 0 1 1 0 0 0 1 0 0 0 0 0 0 1 1 0 0 0 1 0 0 0 0 1 0 0 0 0 0 0 1 4.743322849273682
0 0 1 1 0 1 0 0 1 1 0 0 1 1 0 0 0 1 0 0 0 0 0 0 0 1 0 0 0 1 0 0 0 0 1 0 0 0 0 0 0 1 5.015979766845703
0 0 1 1 0 1 0 0 1 1 0 0 1 1 0 0 0 1 0 0 0 0 0 0 0 1 0 0 0 1 0 0 0 0 1 0 0 0 0 0 1 1 5.269399642944336
0 0 1 1 0 1 0 0 1 1 0 0 1 1 0 0 0 1 0 0 0 0 0 0 0 1 0 0 0 1 0 0 1 0 1 0 0 0 0 0 1 1 5.491487503051758
0 0 1 1 0 1 0 0 1 1 0 0 1 1 1 0 0 1 0 0 0 0 0 0 0 1 0 0 0 1 0 0 1 0 1 0 0 0 0 0 1 1 5.754011631011963
0 0 1 1 0 1 0 0 1 1 1 0 1 1 1 0 0 1 0 0 0 0 0 0 0 1 0 0 0 1 0 0 1 0 1 0 0 0 0 0 1 1 5.999427318572998
0 0 1 1 0 1 0 0 1 1 1 0 1 1 1 0 0 1 0 0 0 0 0 0 0 1 0 1 0 1 0 0 1 0 1 0 0 0 0 0 1 1 6.236523628234863
0 0 1 1 0 1 0 0 1 1 1 0 1 1 1 1 0 1 0 0 0 0 0 0 0 1 0 1 0 1 0 0 1 0 1 0 0 0 0 0 1 1 6.435036659240723
0 0 1 1 1 1 0 0 1 1 1 0 1 1 1 1 0 1 0 0 0 0 0 0 0 1 0 1 0 1 0 0 1 0 1 0 0 0 0 0 1 1 6.571016788482666
0 0 1 1 1 1 0 0 1 1 1 0 1 1 1 1 0 1 0 0 0 0 0 0 0 1 0 1 0 1 0 0 1 0 1 1 0 0 0 0 1 1 6.705045700073242
0 0 1 1 1 1 0 0 1 1 1 0 1 1 1 1 0 1 0 0 0 0 0 0 0 1 1 1 0 1 0 0 1 0 1 1 0 0 0 0 1 1 6.816285610198975
0 0 1 1 1 1 0 0 1 1 1 0 1 1 1 1 0 1 0 0 0 0 0 0 0 1 1 1 0 1 0 0 1 0 1 1 0 0 0 0 1 0 6.964478492736816
0 0 1 1 1 1 0 0 1 1 1 0 1 1 1 1 0 1 0 0 0 0 0 0 0 1 1 1 0 1 0 0 1 0 1 1 0 0 1 0 1 0 6.9936723709106445
0 0 1 0 1 1 0 0 1 1 1 0 1 1 1 1 0 1 0 0 0 0 0 0 0 1 1 1 0 1 0 0 1 0 1 1 0 0 1 0 1 0 7.027245044708252
0 1 1 0 1 1 0 0 1 1 1 0 1 1 1 1 0 1 0 0 0 0 0 0 0 1 1 1 0 1 0 0 1 0 1 1 0 0 1 0 1 0 7.027240753173828
0 0 1 1 1 0 0 0 0 1 0 0 0 1 0 0 0 0 1 0 0 0 0 0 0 1 0 1 0 1 0 0 0 0 0 0 0 0 1 0 0 1 3.660993814468384
0 0 1 1 1 0 0 0 0 1 0 0 0 1 0 0 0 1 1 0 0 0 0 0 0 1 0 1 0 1 0 0 0 0 0 0 0 0 1 0 0 1 4.203505039215088
0 0 1 1 1 0 0 0 0 1 0 0 0 1 0 0 0 1 1 0 0 0 0 0 0 1 0 1 0 1 0 0 0 0 0 0 0 0 1 0 1 1 4.578199863433838
0 0 1 1 1 0 0 0 0 1 0 0 0 1 0 0 0 1 0 0 0 0 0 0 0 1 0 1 0 1 0 0 0 0 0 0 0 0 1 0 1 1 4.962243556976318
0 0 1 1 1 0 0 0 0 1 0 0 0 1 1 0 0 1 0 0 0 0 0 0 0 1 0 1 0 1 0 0 0 0 0 0 0 0 1 0 1 1 5.2870330810546875
0 0 1 1 1 0 0 0 0 1 0 0 0 1 1 0 0 1 0 0 0 0 0 0 0 1 0 1 0 1 0 0 1 0 0 0 0 0 1 0 1 1 5.631937503814697
0 0 1 1 1 0 0 0 0 1 1 0 0 1 1 0 0 1 0 0 0 0 0 0 0 1 0 1 0 1 0 0 1 0 0 0 0 0 1 0 1 1 5.839221477508545
0 0 1 1 1 0 0 0 1 1 1 0 0 1 1 0 0 1 0 0 0 0 0 0 0 1 0 1 0 1 0 0 1 0 0 0 0 0 1 0 1 1 6.084019660949707
0 0 1 1 1 0 0 0 1 1 1 0 1 1 1 0 0 1 0 0 0 0 0 0 0 1 0 1 0 1 0 0 1 0 0 0 0 0 1 0 1 1 6.238358974456787
0 0 1 1 1 0 0 0 1 1 1 0 1 1 1 1 0 1 0 0 0 0 0 0 0 1 0 1 0 1 0 0 1 0 0 0 0 0 1 0 1 1 6.451476097106934
0 0 1 1 1 0 0 0 1 1 1 0 1 1 1 1 0 1 0 0 0 0 0 0 0 1 0 1 0 1 0 0 1 0 0 0 0 0 1 0 1 0 6.559467315673828
0 0 1 1 1 0 0 0 1 1 1 0 1 1 1 1 0 1 0 0 0 0 0 0 0 1 1 1 0 1 0 0 1 0 0 0 0 0 1 0 1 0 6.714893817901611
0 0 1 1 1 0 0 0 1 1 1 0 1 1 1 1 0 1 0 0 0 0 0 0 0 1 1 1 0 1 0 0 1 0 0 1 0 0 1 0 1 0 6.830970764160156
0 0 1 1 1 1 0 0 1 1 1 0 1 1 1 1 0 1 0 0 0 0 0 0 0 1 1 1 0 1 0 0 1 0 0 1 0 0 1 0 1 0 6.932708263397217
0 0 1 1 1 1 0 0 1 1 1 0 1 1 1 1 0 1 0 0 0 0 0 0 0 1 1 1 0 1 0 0 1 0 1 1 0 0 1 0 1 0 6.9936723709106445
0 0 1 0 1 1 0 0 1 1 1 0 1 1 1 1 0 1 0 0 0 0 0 0 0 1 1 1 0 1 0 0 1 0 1 1 0 0 1 0 1 0 7.027245044708252
0 1 1 0 1 1 0 0 1 1 1 0 1 1 1 1 0 1 0 0 0 0 0 0 0 1 1 1 0 1 0 0 1 0 1 1 0 0 1 0 1 0 7.027240753173828
0 0 0 0 1 0 0 0 1 1 1 0 0 0 1 1 0 0 0 1 0 0 0 0 0 0 0 0 1 1 1 0 0 1 0 0 0 0 0 0 0 0 4.922364234924316
0 0 0 0 1 0 0 0 1 1 1 0 0 0 1 1 0 0 0 1 0 0 0 0 0 0 0 0 1 1 1 0 1 1 0 0 0 0 0 0 0 0 5.463672161102295
0 0 0 0 1 0 0 0 1 1 1 0 0 0 1 1 0 0 0 1 0 0 0 0 0 0 0 0 1 1 1 0 1 1 0 0 0 0 0 0 1 0 5.66436243057251
0 0 0 0 1 0 0 0 1 1 1 0 0 0 1 1 0 0 0 1 0 0 0 0 0 1 0 0 1 1 1 0 1 1 0 0 0 0 0 0 1 0 5.86877965927124
0 0 0 0 1 0 0 0 1 1 1 0 0 0 1 1 0 1 0 1 0 0 0 0 0 1 0 0 1 1 1 0 1 1 0 0 0 0 0 0 1 0 6.032039642333984
0 0 0 0 1 0 0 0 1 1 1 0 1 0 1 1 0 1 0 1 0 0 0 0 0 1 0 0 1 1 1 0 1 1 0 0 0 0 0 0 1 0 6.225850582122803
0 0 0 0 1 0 0 0 1 1 1 0 1 0 1 1 0 1 0 1 0 0 0 0 0 1 0 0 1 1 1 0 1 1 0 0 0 0 0 1 1 0 6.389410972595215
0 0 0 0 1 0 0 0 1 1 1 0 1 0 1 1 0 1 0 1 0 0 0 0 0 1 1 0 1 1 1 0 1 1 0 0 0 0 0 1 1 0 6.531022071838379
0 0 0 0 1 0 0 0 1 1 1 0 1 0 1 1 0 1 0 1 0 0 0 0 0 1 1 0 1 1 1 0 1 1 1 0 0 0 0 1 1 0 6.668158531188965
0 0 0 0 1 0 1 0 1 1 1 0 1 0 1 1 0 1 0 1 0 0 0 0 0 1 1 0 1 1 1 0 1 1 1 0 0 0 0 1 1 0 6.785669326782227
0 0 0 0 1 0 1 0 1 1 1 0 1 0 1 1 0 1 0 1 0 0 0 0 0 1 1 0 1 1 0 0 1 1 1 0 0 0 0 1 1 0 6.88373327255249
0 0 0 0 1 1 1 0 1 1 1 0 1 0 1 1 0 1 0 1 0 0 0 0 0 1 1 0 1 1 0 0 1 1 1 0 0 0 0 1 1 0 7.005239963531494
0 0 0 0 1 1 1 0 1 1 1 0 1 0 1 1 0 1 0 1 0 0 0 0 0 1 1 1 1 1 0 0 1 1 1 0 0 0 0 1 1 0 7.087570667266846
1 0 0 0 1 1 1 0 1 1 1 0 1 0 1 1 0 1 0 1 0 0 0 0 0 1 1 1 1 1 0 0 1 1 1 0 0 0 0 1 1 0 7.1060686111450195
1 0 0 0 1 1 1 0 1 1 1 0 1 0 1 1 0 1 0 1 0 0 0 0 0 1 1 1 1 1 0 0 1 1 1 0 0 0 1 1 1 0 7.122417449951172
1 0 0 0 1 1 1 0 1 1 1 0 1 0 1 1 0 1 0 1 0 0 0 0 0 1 1 1 1 1 0 0 1 1 1 0 0 0 0 1 1 0 7.1060686111450195
0 0 0 0 0 1 0 0 1 0 0 0 0 1 0 1 0 0 1 0 0 0 0 0 0 0 1 0 0 1 0 0 0 1 1 0 0 0 0 0 0 0 3.825059652328491
0 0 0 0 0 1 0 0 1 0 0 0 0 1 0 1 0 0 1 0 0 0 0 0 0 0 1 1 0 1 0 0 0 1 1 0 0 0 0 0 0 0 4.374011516571045
0 0 0 0 0 1 0 0 1 0 0 0 0 1 0 1 0 1 1 0 0 0 0 0 0 0 1 1 0 1 0 0 0 1 1 0 0 0 0 0 0 0 4.8983001708984375
0 0 1 0 0 1 0 0 1 0 0 0 0 1 0 1 0 1 1 0 0 0 0 0 0 0 1 1 0 1 0 0 0 1 1 0 0 0 0 0 0 0 5.352790355682373
0 0 1 0 0 1 0 0 1 0 0 0 0 1 1 1 0 1 1 0 0 0 0 0 0 0 1 1 0 1 0 0 0 1 1 0 0 0 0 0 0 0 5.677918910980225
0 0 1 0 0 1 0 0 1 0 0 0 0 1 1 1 0 1 0 0 0 0 0 0 0 0 1 1 0 1 0 0 0 1 1 0 0 0 0 0 0 0 5.936155796051025
0 0 1 0 0 1 0 0 1 1 0 0 0 1 1 1 0 1 0 0 0 0 0 0 0 0 1 1 0 1 0 0 0 1 1 0 0 0 0 0 0 0 6.15893030166626
0 0 1 0 0 1 0 0 1 1 0 0 0 1 1 1 0 1 0 0 0 0 0 0 0 1 1 1 0 1 0 0 0 1 1 0 0 0 0 0 0 0 6.358086585998535
0 0 1 0 0 1 0 0 1 1 0 0 0 1 1 1 0 1 0 0 0 0 0 0 0 1 1 1 0 1 0 0 0 1 1 1 0 0 0 0 0 0 6.5319647789001465
0 1 1 0 0 1 0 0 1 1 0 0 0 1 1 1 0 1 0 0 0 0 0 0 0 1 1 1 0 1 0 0 0 1 1 1 0 0 0 0 0 0 6.641795635223389
0 1 1 0 0 1 0 0 1 1 0 0 0 1 1 1 0 1 0 0 0 0 0 0 0 1 1 1 0 1 0 0 0 1 1 1 0 0 0 0 1 0 6.702330589294434
0 1 1 0 1 1 0 0 1 1 0 0 0 1 1 1 0 1 0 0 0 0 0 0 0 1 1 1 0 1 0 0 0 1 1 1 0 0 0 0 1 0 6.765041351318359
0 1 1 0 1 1 0 0 1 1 0 0 0 1 1 1 0 1 0 0 0 0 0 0 0 1 1 1 0 1 0 0 1 1 1 1 0 0 0 0 1 0 6.8225860595703125
0 1 1 0 1 1 0 0 1 1 0 0 0 1 1 1 0 1 0 0 0 0 0 0 0 1 1 1 0 1 0 0 1 1 1 1 0 0 0 1 1 0 6.848031520843506
0 1 1 0 1 1 0 0 1 1 1 0 0 1 1 1 0 1 0 0 0 0 0 0 0 1 1 1 0 1 0 0 1 1 1 1 0 0 0 1 1 0 6.896244525909424
0 1 1 0 1 1 0 0 1 1 1 0 1 1 1 1 0 1 0 0 0 0 0 0 0 1 1 1 0 1 0 0 1 1 1 1 0 0 0 1 1 0 6.922248363494873
0 1 1 0 1 1 0 0 1 1 1 0 1 1 1 1 0 1 0 0 0 0 0 0 0 1 1 1 0 1 0 0 1 1 1 1 0 0 0 0 1 0 6.977571487426758
0 1 1 0 1 1 0 0 1 1 1 0 1 1 1 1 0 1 0 0 0 0 0 0 0 1 1 1 0 1 0 0 1 1 1 1 0 0 1 0 1 0 7.01166296005249
0 1 1 0 1 1 0 0 1 1 1 0 1 1 1 1 0 1 0 0 0 0 0 0 0 1 1 1 0 1 0 0 1 0 1 1 0 0 1 0 1 0 7.027240753173828
0 0 1 0 1 1 0 0 1 1 1 0 1 1 1 1 0 1 0 0 0 0 0 0 0 1 1 1 0 1 0 0 1 0 1 1 0 0 1 0 1 0 7.027245044708252
0 1 1 0 1 1 0 0 1 1 1 0 1 1 1 1 0 1 0 0 0 0 0 0 0 1 1 1 0 1 0 0 1 0 1 1 0 0 1 0 1 0 7.027240753173828
0 0 0 0 0 0 0 0 0 0 1 0 0 0 0 0 0 0 0 1 0 1 0 0 0 1 1 0 1 0 0 1 0 0 0 0 0 0 0 1 1 0 3.1998636722564697
0 0 0 0 0 0 0 0 0 1 1 0 0 0 0 0 0 0 0 1 0 1 0 0 0 1 1 0 1 0 0 1 0 0 0 0 0 0 0 1 1 0 3.6145753860473633
0 0 0 0 0 0 0 0 0 1 1 0 0 0 0 0 0 0 0 1 0 1 0 0 0 1 1 0 1 0 0 1 1 0 0 0 0 0 0 1 1 0 3.9924635887145996
0 0 0 0 0 0 0 0 0 1 1 0 0 0 1 0 0 0 0 1 0 1 0 0 0 1 1 0 1 0 0 1 1 0 0 0 0 0 0 1 1 0 4.397246837615967
0 0 0 0 0 0 0 0 0 1 1 0 0 0 1 0 0 0 0 1 0 0 0 0 0 1 1 0 1 0 0 1 1 0 0 0 0 0 0 1 1 0 4.852268218994141
0 0 0 0 0 0 0 0 0 1 1 0 0 0 1 0 0 0 0 1 0 0 0 0 0 1 1 0 1 0 0 0 1 0 0 0 0 0 0 1 1 0 5.272946357727051
0 0 0 0 0 0 0 0 0 1 1 0 0 0 1 0 0 0 0 1 0 0 0 0 0 1 1 0 1 0 0 0 1 1 0 0 0 0 0 1 1 0 5.6176910400390625
0 0 0 0 0 0 0 0 0 1 1 0 0 0 1 0 0 0 0 1 0 0 0 0 0 1 1 1 1 0 0 0 1 1 0 0 0 0 0 1 1 0 5.823703289031982
0 0 0 0 0 0 0 0 0 1 1 0 0 0 1 0 0 0 0 1 0 0 0 0 0 1 1 1 1 0 0 0 1 1 1 0 0 0 0 1 1 0 5.987698078155518
0 0 0 0 0 0 0 0 1 1 1 0 0 0 1 0 0 0 0 1 0 0 0 0 0 1 1 1 1 0 0 0 1 1 1 0 0 0 0 1 1 0 6.11970329284668
0 0 0 0 0 0 0 0 1 1 1 0 0 0 1 1 0 0 0 1 0 0 0 0 0 1 1 1 1 0 0 0 1 1 1 0 0 0 0 1 1 0 6.255574703216553
0 0 0 0 0 1 0 0 1 1 1 0 0 0 1 1 0 0 0 1 0 0 0 0 0 1 1 1 1 0 0 0 1 1 1 0 0 0 0 1 1 0 6.393153190612793
0 0 0 0 0 1 0 0 1 1 1 0 0 0 1 1 0 0 0 1 0 0 0 0 0 1 1 1 1 1 0 0 1 1 1 0 0 0 0 1 1 0 6.521247386932373
0 0 0 0 1 1 0 0 1 1 1 0 0 0 1 1 0 0 0 1 0 0 0 0 0 1 1 1 1 1 0 0 1 1 1 0 0 0 0 1 1 0 6.686319828033447
0 0 0 0 1 1 0 0 1 1 1 0 0 0 1 1 0 1 0 1 0 0 0 0 0 1 1 1 1 1 0 0 1 1 1 0 0 0 0 1 1 0 6.89295768737793
0 0 0 0 1 1 1 0 1 1 1 0 0 0 1 1 0 1 0 1 0 0 0 0 0 1 1 1 1 1 0 0 1 1 1 0 0 0 0 1 1 0 7.027857780456543
0 0 0 0 1 1 1 0 1 1 1 0 1 0 1 1 0 1 0 1 0 0 0 0 0 1 1 1 1 1 0 0 1 1 1 0 0 0 0 1 1 0 7.087570667266846
1 0 0 0 1 1 1 0 1 1 1 0 1 0 1 1 0 1 0 1 0 0 0 0 0 1 1 1 1 1 0 0 1 1 1 0 0 0 0 1 1 0 7.1060686111450195
1 0 0 0 1 1 1 0 1 1 1 0 1 0 1 1 0 1 0 1 0 0 0 0 0 1 1 1 1 1 0 0 1 1 1 0 0 0 1 1 1 0 7.122417449951172
1 0 0 0 1 1 1 0 1 1 1 0 1 0 1 1 0 1 0 1 0 0 0 0 0 1 1 1 1 1 0 0 1 1 1 0 0 0 0 1 1 0 7.1060686111450195
0 0 0 1 0 1 0 0 1 0 0 1 0 0 0 0 0 1 0 0 0 1 0 0 0 1 1 0 0 0 0 0 1 0 1 1 0 0 0 0 0 0 4.150083065032959
0 0 0 1 0 1 0 0 1 0 0 1 0 0 0 0 0 1 0 0 0 1 0 0 0 1 1 1 0 0 0 0 1 0 1 1 0 0 0 0 0 0 4.718403339385986
0 0 0 1 0 1 0 0 1 0 0 1 0 0 0 0 0 1 0 0 0 0 0 0 0 1 1 1 0 0 0 0 1 0 1 1 0 0 0 0 0 0 5.031221866607666
0 0 0 1 0 1 0 0 1 0 0 1 0 0 1 0 0 1 0 0 0 0 0 0 0 1 1 1 0 0 0 0 1 0 1 1 0 0 0 0 0 0 5.397607803344727
0 0 1 1 0 1 0 0 1 0 0 1 0 0 1 0 0 1 0 0 0 0 0 0 0 1 1 1 0 0 0 0 1 0 1 1 0 0 0 0 0 0 5.633450031280518
0 0 1 0 0 1 0 0 1 0 0 1 0 0 1 0 0 1 0 0 0 0 0 0 0 1 1 1 0 0 0 0 1 0 1 1 0 0 0 0 0 0 5.80903434753418
0 0 1 0 0 1 0 0 1 0 0 1 0 0 1 0 0 1 0 0 0 0 0 0 0 1 1 1 0 0 0 0 1 0 1 1 0 0 0 1 0 0 5.978118419647217
0 0 1 0 0 1 0 0 1 0 0 1 0 0 1 0 0 1 0 0 0 0 0 0 0 1 1 1 0 0 0 1 1 0 1 1 0 0 0 1 0 0 6.080694675445557
0 0 1 0 0 1 0 1 1 0 0 1 0 0 1 0 0 1 0 0 0 0 0 0 0 1 1 1 0 0 0 1 1 0 1 1 0 0 0 1 0 0 6.22454833984375
0 0 1 0 0 1 0 1 1 0 0 1 0 0 1 0 0 1 0 0 1 0 0 0 0 1 1 1 0 0 0 1 1 0 1 1 0 0 0 1 0 0 6.3411173820495605
0 0 1 0 0 1 0 1 1 0 0 1 0 0 1 0 0 1 0 0 1 0 1 0 0 1 1 1 0 0 0 1 1 0 1 1 0 0 0 1 0 0 6.4326581954956055
0 0 1 0 0 1 0 1 1 0 0 1 0 0 1 0 1 1 0 0 1 0 1 0 0 1 1 1 0 0 0 1 1 0 1 1 0 0 0 1 0 0 6.499813079833984
0 0 1 0 0 1 0 1 1 0 0 1 0 0 1 0 1 1 0 0 1 0 1 0 0 1 1 1 0 0 0 1 0 0 1 1 0 0 0 1 0 0 6.544724941253662
0 0 1 0 0 1 0 1 1 0 0 1 0 0 1 0 1 1 0 0 1 0 1 0 0 1 1 1 0 0 0 1 0 0 1 1 0 0 1 1 0 0 6.560855865478516
0 0 1 0 0 1 0 1 1 0 0 1 0 0 1 0 1 1 0 0 1 0 1 0 0 1 1 1 0 0 0 1 0 0 1 1 0 1 1 1 0 0 6.583882808685303
0 0 1 0 0 1 0 1 1 0 0 1 0 0 1 0 1 1 0 0 1 0 1 0 0 1 1 1 0 0 0 1 0 1 1 1 0 1 1 1 0 0 6.593766212463379
0 0 1 0 0 1 1 1 1 0 0 1 0 0 1 0 1 1 0 0 1 0 1 0 0 1 1 1 0 0 0 1 0 1 1 1 0 1 1 1 0 0 6.629080295562744
1 0 1 0 0 1 1 1 1 0 0 1 0 0 1 0 1 1 0 0 1 0 1 0 0 1 1 1 0 0 0 1 0 1 1 1 0 1 1 1 0 0 6.6476640701293945
1 0 1 0 0 1 1 1 1 0 0 1 0 0 1 0 1 1 0 0 1 0 1 0 0 0 1 1 0 0 0 1 0 1 1 1 0 1 1 1 0 0 6.669888019561768
1 0 1 0 0 1 1 1 1 0 0 1 0 0 1 0 1 1 0 0 1 0 1 1 0 0 1 1 0 0 0 1 0 1 1 1 0 1 1 1 0 0 6.658670902252197
0 0 0 0 0 0 0 0 0 1 1 0 0 0 1 1 0 0 1 1 1 0 0 0 0 0 0 0 0 1 0 0 1 1 1 0 0 0 0 0 0 0 4.217257022857666
0 0 0 0 0 0 0 0 0 1 1 0 0 0 1 1 0 0 1 1 1 0 0 0 0 0 0 0 1 1 0 0 1 1 1 0 0 0 0 0 0 0 4.595592021942139
0 0 0 0 0 0 0 0 0 1 1 0 0 0 1 1 0 0 1 1 1 0 0 0 0 0 0 1 1 1 0 0 1 1 1 0 0 0 0 0 0 0 5.007914066314697
0 0 0 0 0 0 0 0 0 1 1 0 0 0 1 1 0 0 0 1 1 0 0 0 0 0 0 1 1 1 0 0 1 1 1 0 0 0 0 0 0 0 5.397324085235596
0 0 0 0 0 0 0 0 0 1 1 0 0 0 1 1 0 0 0 1 1 0 0 0 0 0 0 1 1 1 0 0 1 1 1 0 0 0 0 0 1 0 5.747110843658447
0 0 0 0 0 0 0 0 0 1 1 0 0 0 1 1 0 0 0 1 1 0 0 0 0 0 0 1 1 1 0 0 1 1 1 0 0 0 0 1 1 0 5.941712856292725
0 0 0 0 0 1 0 0 0 1 1 0 0 0 1 1 0 0 0 1 1 0 0 0 0 0 0 1 1 1 0 0 1 1 1 0 0 0 0 1 1 0 6.156887531280518
0 0 0 0 0 1 0 0 1 1 1 0 0 0 1 1 0 0 0 1 1 0 0 0 0 0 0 1 1 1 0 0 1 1 1 0 0 0 0 1 1 0 6.2894463539123535
0 0 0 0 0 1 0 0 1 1 1 0 0 0 1 1 0 0 0 1 1 0 0 0 0 0 0 1 1 1 0 0 1 1 1 0 0 0 1 1 1 0 6.404186725616455
0 0 0 0 1 1 0 0 1 1 1 0 0 0 1 1 0 0 0 1 1 0 0 0 0 0 0 1 1 1 0 0 1 1 1 0 0 0 1 1 1 0 6.499123573303223
0 0 0 0 1 1 0 0 1 1 1 0 0 0 1 1 0 1 0 1 1 0 0 0 0 0 0 1 1 1 0 0 1 1 1 0 0 0 1 1 1 0 6.593491077423096
0 0 0 0 1 1 0 0 1 1 1 0 0 0 1 1 0 1 0 1 1 0 0 0 0 0 1 1 1 1 0 0 1 1 1 0 0 0 1 1 1 0 6.7051310539245605
0 0 0 0 1 1 1 0 1 1 1 0 0 0 1 1 0 1 0 1 1 0 0 0 0 0 1 1 1 1 0 0 1 1 1 0 0 0 1 1 1 0 6.792975902557373
0 0 0 0 1 1 1 0 1 1 1 0 0 0 1 1 0 1 0 1 1 0 0 0 0 1 1 1 1 1 0 0 1 1 1 0 0 0 1 1 1 0 6.864173889160156
0 0 0 0 1 1 1 0 1 1 1 0 0 0 1 1 0 1 0 1 0 0 0 0 0 1 1 1 1 1 0 0 1 1 1 0 0 0 1 1 1 0 7.0360307693481445
0 0 0 0 1 1 1 0 1 1 1 0 1 0 1 1 0 1 0 1 0 0 0 0 0 1 1 1 1 1 0 0 1 1 1 0 0 0 1 1 1 0 7.100183486938477
1 0 0 0 1 1 1 0 1 1 1 0 1 0 1 1 0 1 0 1 0 0 0 0 0 1 1 1 1 1 0 0 1 1 1 0 0 0 1 1 1 0 7.122417449951172
1 0 0 0 1 1 1 0 1 1 1 0 1 0 1 1 0 1 0 1 0 0 0 0 0 1 1 1 1 1 0 0 1 1 1 0 0 0 0 1 1 0 7.1060686111450195
0 0 0 0 1 0 0 0 0 0 1 0 0 0 1 1 0 1 0 0 0 0 0 0 0 1 0 1 0 1 0 0 0 1 0 0 0 0 0 0 0 0 4.418633460998535
0 0 0 0 1 0 0 0 0 1 1 0 0 0 1 1 0 1 0 0 0 0 0 0 0 1 0 1 0 1 0 0 0 1 0 0 0 0 0 0 0 0 5.038142681121826
0 0 0 0 1 0 0 0 0 1 1 0 0 0 1 1 0 1 0 0 0 0 0 0 0 1 0 1 0 1 0 0 1 1 0 0 0 0 0 0 0 0 5.450664520263672
0 0 0 0 1 0 0 0 0 1 1 0 1 0 1 1 0 1 0 0 0 0 0 0 0 1 0 1 0 1 0 0 1 1 0 0 0 0 0 0 0 0 5.858979225158691
0 0 0 0 1 0 0 0 0 1 1 0 1 0 1 1 0 1 0 0 0 0 0 0 0 1 0 1 1 1 0 0 1 1 0 0 0 0 0 0 0 0 6.151268482208252
0 0 0 0 1 0 0 0 0 1 1 0 1 0 1 1 0 1 0 0 0 0 0 0 0 1 0 1 1 1 0 0 1 1 0 0 0 0 0 1 0 0 6.346701622009277
0 0 0 0 1 0 0 0 0 1 1 0 1 0 1 1 0 1 0 0 0 0 0 0 0 1 0 1 1 1 0 0 1 1 0 0 0 0 0 1 1 0 6.498189449310303
0 0 0 0 1 0 0 0 0 1 1 0 1 0 1 1 0 1 0 0 0 0 0 0 0 1 0 1 1 1 0 0 1 1 1 0 0 0 0 1 1 0 6.677587985992432
0 0 0 0 1 0 1 0 0 1 1 0 1 0 1 1 0 1 0 0 0 0 0 0 0 1 0 1 1 1 0 0 1 1 1 0 0 0 0 1 1 0 6.7705278396606445
0 0 0 0 1 0 1 0 1 1 1 0 1 0 1 1 0 1 0 0 0 0 0 0 0 1 0 1 1 1 0 0 1 1 1 0 0 0 0 1 1 0 6.858029842376709
0 0 0 0 1 0 1 0 1 1 1 0 1 0 1 1 0 1 0 0 0 0 0 0 0 1 1 1 1 1 0 0 1 1 1 0 0 0 0 1 1 0 6.98272705078125
0 0 0 0 1 1 1 0 1 1 1 0 1 0 1 1 0 1 0 0 0 0 0 0 0 1 1 1 1 1 0 0 1 1 1 0 0 0 0 1 1 0 7.055324554443359
0 0 0 0 1 1 1 0 1 1 1 0 1 0 1 1 0 1 0 0 0 0 0 0 0 1 1 1 1 1 0 0 1 1 1 0 0 0 1 1 1 0 7.0953521728515625
0 0 0 0 1 1 1 0 1 1 1 0 1 0 1 1 0 1 0 1 0 0 0 0 0 1 1 1 1 1 0 0 1 1 1 0 0 0 1 1 1 0 7.100183486938477
1 0 0 0 1 1 1 0 1 1 1 0 1 0 1 1 0 1 0 1 0 0 0 0 0 1 1 1 1 1 0 0 1 1 1 0 0 0 1 1 1 0 7.122417449951172
1 0 0 0 1 1 1 0 1 1 1 0 1 0 1 1 0 1 0 1 0 0 0 0 0 1 1 1 1 1 0 0 1 1 1 0 0 0 0 1 1 0 7.1060686111450195
0 0 1 0 1 0 0 0 0 0 0 0 0 0 0 1 0 1 1 0 1 0 0 0 0 0 1 1 0 1 0 0 0 0 0 0 0 0 1 0 0 1 3.2172462940216064
0 0 1 0 1 0 0 0 0 0 0 0 0 0 0 1 0 1 1 0 1 0 0 0 0 0 1 1 0 1 0 0 0 0 0 0 0 0 1 0 0 0 3.7896456718444824
0 0 1 0 1 0 0 0 0 0 0 0 0 0 1 1 0 1 1 0 1 0 0 0 0 0 1 1 0 1 0 0 0 0 0 0 0 0 1 0 0 0 4.317032814025879
0 0 1 0 1 0 0 0 1 0 0 0 0 0 1 1 0 1 1 0 1 0 0 0 0 0 1 1 0 1 0 0 0 0 0 0 0 0 1 0 0 0 4.865630149841309
0 0 1 0 1 0 0 0 1 0 0 0 0 0 1 1 0 1 0 0 1 0 0 0 0 0 1 1 0 1 0 0 0 0 0 0 0 0 1 0 0 0 5.17603063583374
0 0 1 0 1 1 0 0 1 0 0 0 0 0 1 1 0 1 0 0 1 0 0 0 0 0 1 1 0 1 0 0 0 0 0 0 0 0 1 0 0 0 5.461808204650879
0 0 1 0 1 1 0 0 1 1 0 0 0 0 1 1 0 1 0 0 1 0 0 0 0 0 1 1 0 1 0 0 0 0 0 0 0 0 1 0 0 0 5.7588582038879395
0 0 1 0 1 1 0 0 1 1 0 0 0 0 1 1 0 1 0 0 1 0 0 0 0 0 1 1 0 1 0 0 0 0 0 1 0 0 1 0 0 0 5.9518256187438965
0 0 1 0 1 1 0 0 1 1 0 0 0 0 1 1 0 1 0 0 1 0 0 0 0 0 1 1 0 1 0 0 0 0 0 1 0 0 1 0 1 0 6.085732460021973
0 0 1 0 1 1 0 0 1 1 0 0 0 0 1 1 0 1 0 0 1 0 0 0 0 1 1 1 0 1 0 0 0 0 0 1 0 0 1 0 1 0 6.213982105255127
0 0 1 0 1 1 0 0 1 1 0 0 0 1 1 1 0 1 0 0 1 0 0 0 0 1 1 1 0 1 0 0 0 0 0 1 0 0 1 0 1 0 6.3520917892456055
0 0 1 0 1 1 0 0 1 1 0 0 0 1 1 1 0 1 0 0 1 0 0 0 0 1 1 1 0 1 0 0 0 0 1 1 0 0 1 0 1 0 6.486280918121338
0 0 1 0 1 1 0 0 1 1 0 0 0 1 1 1 0 1 0 0 1 0 0 0 0 1 1 1 0 1 0 0 0 1 1 1 0 0 1 0 1 0 6.5693817138671875
0 0 1 0 1 1 0 0 1 1 1 0 0 1 1 1 0 1 0 0 1 0 0 0 0 1 1 1 0 1 0 0 0 1 1 1 0 0 1 0 1 0 6.672139644622803
0 0 1 0 1 1 0 0 1 1 1 0 0 1 1 1 0 1 0 0 1 0 0 0 0 1 1 1 0 1 0 0 0 1 1 1 0 0 1 1 1 0 6.74066686630249
0 1 1 0 1 1 0 0 1 1 1 0 0 1 1 1 0 1 0 0 1 0 0 0 0 1 1 1 0 1 0 0 0 1 1 1 0 0 1 1 1 0 6.790312767028809
0 1 1 0 1 1 0 0 1 1 1 0 0 1 1 1 0 1 0 0 1 0 0 0 0 1 1 1 0 1 0 0 1 1 1 1 0 0 1 1 1 0 6.830212116241455
0 1 1 0 1 1 0 0 1 1 1 0 0 1 1 1 0 1 0 0 0 0 0 0 0 1 1 1 0 1 0 0 1 1 1 1 0 0 1 1 1 0 6.91093111038208
0 1 1 0 1 1 0 0 1 1 1 0 1 1 1 1 0 1 0 0 0 0 0 0 0 1 1 1 0 1 0 0 1 1 1 1 0 0 1 1 1 0 6.943103313446045
0 1 1 0 1 1 0 0 1 1 1 0 1 1 1 1 0 1 0 0 0 0 0 0 0 1 1 1 0 1 0 0 1 1 1 1 0 0 1 0 1 0 7.01166296005249
0 1 1 0 1 1 0 0 1 1 1 0 1 1 1 1 0 1 0 0 0 0 0 0 0 1 1 1 0 1 0 0 1 0 1 1 0 0 1 0 1 0 7.027240753173828
0 0 1 0 1 1 0 0 1 1 1 0 1 1 1 1 0 1 0 0 0 0 0 0 0 1 1 1 0 1 0 0 1 0 1 1 0 0 1 0 1 0 7.027245044708252
0 1 1 0 1 1 0 0 1 1 1 0 1 1 1 1 0 1 0 0 0 0 0 0 0 1 1 1 0 1 0 0 1 0 1 1 0 0 1 0 1 0 7.027240753173828
0 0 0 0 0 0 0 0 0 1 0 0 0 0 0 1 0 1 0 0 0 1 0 0 1 1 1 0 1 0 0 1 0 0 0 0 0 0 0 1 1 0 3.3795721530914307
0 0 0 0 0 0 0 0 0 1 0 0 0 0 0 1 0 1 0 0 0 1 0 0 1 1 1 0 1 0 0 1 0 1 0 0 0 0 0 1 1 0 3.745006799697876
0 0 0 0 0 0 1 0 0 1 0 0 0 0 0 1 0 1 0 0 0 1 0 0 1 1 1 0 1 0 0 1 0 1 0 0 0 0 0 1 1 0 4.010931968688965
0 0 0 0 0 0 1 0 0 1 0 0 0 0 0 1 0 1 0 0 0 1 0 0 1 1 1 0 1 0 0 0 0 1 0 0 0 0 0 1 1 0 4.224888801574707
0 0 0 0 0 0 1 0 0 1 0 0 0 0 1 1 0 1 0 0 0 1 0 0 1 1 1 0 1 0 0 0 0 1 0 0 0 0 0 1 1 0 4.4987688064575195
0 0 0 0 0 0 1 0 0 1 0 0 0 0 1 1 0 1 0 0 0 0 0 0 1 1 1 0 1 0 0 0 0 1 0 0 0 0 0 1 1 0 4.867819786071777
0 0 0 0 0 0 1 0 0 1 0 0 0 0 1 1 0 1 0 0 0 0 0 0 1 1 1 0 1 0 0 0 1 1 0 0 0 0 0 1 1 0 5.201944351196289
0 0 0 0 0 0 1 0 0 1 1 0 0 0 1 1 0 1 0 0 0 0 0 0 1 1 1 0 1 0 0 0 1 1 0 0 0 0 0 1 1 0 5.503857135772705
0 0 0 0 0 0 1 0 0 1 1 0 0 0 1 1 0 1 0 0 0 0 0 0 1 1 1 1 1 0 0 0 1 1 0 0 0 0 0 1 1 0 5.782721519470215
0 0 0 0 0 0 1 0 0 1 1 0 0 0 1 1 0 1 0 0 0 0 0 0 0 1 1 1 1 0 0 0 1 1 0 0 0 0 0 1 1 0 6.108652114868164
0 0 0 0 1 0 1 0 0 1 1 0 0 0 1 1 0 1 0 0 0 0 0 0 0 1 1 1 1 0 0 0 1 1 0 0 0 0 0 1 1 0 6.319716930389404
0 0 0 0 1 0 1 0 0 1 1 0 0 0 1 1 0 1 0 0 0 0 0 0 0 1 1 1 1 1 0 0 1 1 0 0 0 0 0 1 1 0 6.492220401763916
0 0 0 0 1 0 1 0 0 1 1 0 1 0 1 1 0 1 0 0 0 0 0 0 0 1 1 1 1 1 0 0 1 1 0 0 0 0 0 1 1 0 6.670722007751465
0 0 0 0 1 0 1 0 0 1 1 0 1 0 1 1 0 1 0 0 0 0 0 0 0 1 1 1 1 1 0 0 1 1 1 0 0 0 0 1 1 0 6.833540916442871
0 0 0 0 1 0 1 0 1 1 1 0 1 0 1 1 0 1 0 0 0 0 0 0 0 1 1 1 1 1 0 0 1 1 1 0 0 0 0 1 1 0 6.98272705078125
0 0 0 0 1 1 1 0 1 1 1 0 1 0 1 1 0 1 0 0 0 0 0 0 0 1 1 1 1 1 0 0 1 1 1 0 0 0 0 1 1 0 7.055324554443359
0 0 0 0 1 1 1 0 1 1 1 0 1 0 1 1 0 1 0 0 0 0 0 0 0 1 1 1 1 1 0 0 1 1 1 0 0 0 1 1 1 0 7.0953521728515625
0 0 0 0 1 1 1 0 1 1 1 0 1 0 1 1 0 1 0 1 0 0 0 0 0 1 1 1 1 1 0 0 1 1 1 0 0 0 1 1 1 0 7.100183486938477
1 0 0 0 1 1 1 0 1 1 1 0 1 0 1 1 0 1 0 1 0 0 0 0 0 1 1 1 1 1 0 0 1 1 1 0 0 0 1 1 1 0 7.122417449951172
1 0 0 0 1 1 1 0 1 1 1 0 1 0 1 1 0 1 0 1 0 0 0 0 0 1 1 1 1 1 0 0 1 1 1 0 0 0 0 1 1 0 7.1060686111450195
0 0 0 0 1 0 0 1 0 1 1 0 0 1 0 1 0 0 0 1 0 0 0 0 0 0 0 0 0 1 0 0 0 1 0 0 0 0 0 0 1 1 3.814232587814331
0 0 0 0 1 0 0 0 0 1 1 0 0 1 0 1 0 0 0 1 0 0 0 0 0 0 0 0 0 1 0 0 0 1 0 0 0 0 0 0 1 1 4.311450004577637
0 0 0 0 1 0 0 0 0 1 1 0 0 1 0 1 0 0 0 1 0 0 0 0 0 0 0 0 0 1 0 0 1 1 0 0 0 0 0 0 1 1 4.600027561187744
0 0 0 0 1 0 0 0 0 1 1 0 0 1 1 1 0 0 0 1 0 0 0 0 0 0 0 0 0 1 0 0 1 1 0 0 0 0 0 0 1 1 4.888161659240723
0 0 0 0 1 0 0 0 0 1 1 0 0 1 1 1 0 0 0 1 0 0 0 0 0 0 0 1 0 1 0 0 1 1 0 0 0 0 0 0 1 1 5.304656982421875
0 0 0 0 1 0 0 0 0 1 1 0 0 1 1 1 0 1 0 1 0 0 0 0 0 0 0 1 0 1 0 0 1 1 0 0 0 0 0 0 1 1 5.530996322631836
0 0 1 0 1 0 0 0 0 1 1 0 0 1 1 1 0 1 0 1 0 0 0 0 0 0 0 1 0 1 0 0 1 1 0 0 0 0 0 0 1 1 5.826473236083984
0 0 1 0 1 0 0 0 0 1 1 0 0 1 1 1 0 1 0 1 0 0 0 0 0 1 0 1 0 1 0 0 1 1 0 0 0 0 0 0 1 1 6.029768943786621
0 0 1 0 1 0 0 0 0 1 1 0 1 1 1 1 0 1 0 1 0 0 0 0 0 1 0 1 0 1 0 0 1 1 0 0 0 0 0 0 1 1 6.213103294372559
0 0 1 0 1 0 0 0 0 1 1 0 1 1 1 1 0 1 0 1 0 0 0 0 0 1 1 1 0 1 0 0 1 1 0 0 0 0 0 0 1 1 6.4013214111328125
0 0 1 0 1 0 0 0 1 1 1 0 1 1 1 1 0 1 0 1 0 0 0 0 0 1 1 1 0 1 0 0 1 1 0 0 0 0 0 0 1 1 6.54176139831543
0 0 1 0 1 0 0 0 1 1 1 0 1 1 1 1 0 1 0 1 0 0 0 0 0 1 1 1 0 1 0 0 1 1 0 0 0 0 0 0 1 0 6.667172908782959
0 0 1 0 1 1 0 0 1 1 1 0 1 1 1 1 0 1 0 1 0 0 0 0 0 1 1 1 0 1 0 0 1 1 0 0 0 0 0 0 1 0 6.754733562469482
0 0 1 0 1 1 0 0 1 1 1 0 1 1 1 1 0 1 0 1 0 0 0 0 0 1 1 1 0 1 0 0 1 1 1 0 0 0 0 0 1 0 6.8358869552612305
0 0 1 0 1 1 0 0 1 1 1 0 1 1 1 1 0 1 0 1 0 0 0 0 0 1 1 1 0 1 0 0 1 1 1 1 0 0 0 0 1 0 6.94261360168457
0 0 1 0 1 1 0 0 1 1 1 0 1 1 1 1 0 1 0 0 0 0 0 0 0 1 1 1 0 1 0 0 1 1 1 1 0 0 0 0 1 0 6.974305152893066
0 0 1 0 1 1 0 0 1 1 1 0 1 1 1 1 0 1 0 0 0 0 0 0 0 1 1 1 0 1 0 0 1 1 1 1 0 0 1 0 1 0 7.004265785217285
0 0 1 0 1 1 0 0 1 1 1 0 1 1 1 1 0 1 0 0 0 0 0 0 0 1 1 1 0 1 0 0 1 0 1 1 0 0 1 0 1 0 7.027245044708252
0 1 1 0 1 1 0 0 1 1 1 0 1 1 1 1 0 1 0 0 0 0 0 0 0 1 1 1 0 1 0 0 1 0 1 1 0 0 1 0 1 0 7.027240753173828
0 0 0 0 1 0 0 0 0 1 1 0 0 0 1 1 0 1 0 0 0 0 1 0 0 0 0 1 0 1 0 0 1 1 0 0 0 0 0 0 0 0 4.7545061111450195
0 0 0 0 1 0 0 0 0 1 1 0 0 0 1 1 0 1 0 0 0 0 0 0 0 0 0 1 0 1 0 0 1 1 0 0 0 0 0 0 0 0 5.3650689125061035
0 0 0 0 1 0 0 0 0 1 1 0 0 0 1 1 0 1 0 0 0 0 0 0 0 0 0 1 1 1 0 0 1 1 0 0 0 0 0 0 0 0 5.713493824005127
0 0 0 0 1 0 0 0 0 1 1 0 1 0 1 1 0 1 0 0 0 0 0 0 0 0 0 1 1 1 0 0 1 1 0 0 0 0 0 0 0 0 5.947693347930908
0 0 0 0 1 0 0 0 0 1 1 0 1 0 1 1 0 1 0 0 0 0 0 0 0 1 0 1 1 1 0 0 1 1 0 0 0 0 0 0 0 0 6.151268482208252
0 0 0 0 1 0 0 0 0 1 1 0 1 0 1 1 0 1 0 0 0 0 0 0 0 1 0 1 1 1 0 0 1 1 0 0 0 0 0 1 0 0 6.346701622009277
0 0 0 0 1 0 0 0 0 1 1 0 1 0 1 1 0 1 0 0 0 0 0 0 0 1 0 1 1 1 0 0 1 1 0 0 0 0 0 1 1 0 6.498189449310303
0 0 0 0 1 0 0 0 0 1 1 0 1 0 1 1 0 1 0 0 0 0 0 0 0 1 0 1 1 1 0 0 1 1 1 0 0 0 0 1 1 0 6.677587985992432
0 0 0 0 1 0 1 0 0 1 1 0 1 0 1 1 0 1 0 0 0 0 0 0 0 1 0 1 1 1 0 0 1 1 1 0 0 0 0 1 1 0 6.7705278396606445
0 0 0 0 1 0 1 0 1 1 1 0 1 0 1 1 0 1 0 0 0 0 0 0 0 1 0 1 1 1 0 0 1 1 1 0 0 0 0 1 1 0 6.858029842376709
0 0 0 0 1 0 1 0 1 1 1 0 1 0 1 1 0 1 0 0 0 0 0 0 0 1 1 1 1 1 0 0 1 1 1 0 0 0 0 1 1 0 6.98272705078125
0 0 0 0 1 1 1 0 1 1 1 0 1 0 1 1 0 1 0 0 0 0 0 0 0 1 1 1 1 1 0 0 1 1 1 0 0 0 0 1 1 0 7.055324554443359
0 0 0 0 1 1 1 0 1 1 1 0 1 0 1 1 0 1 0 0 0 0 0 0 0 1 1 1 1 1 0 0 1 1 1 0 0 0 1 1 1 0 7.0953521728515625
0 0 0 0 1 1 1 0 1 1 1 0 1 0 1 1 0 1 0 1 0 0 0 0 0 1 1 1 1 1 0 0 1 1 1 0 0 0 1 1 1 0 7.100183486938477
1 0 0 0 1 1 1 0 1 1 1 0 1 0 1 1 0 1 0 1 0 0 0 0 0 1 1 1 1 1 0 0 1 1 1 0 0 0 1 1 1 0 7.122417449951172
1 0 0 0 1 1 1 0 1 1 1 0 1 0 1 1 0 1 0 1 0 0 0 0 0 1 1 1 1 1 0 0 1 1 1 0 0 0 0 1 1 0 7.1060686111450195
0 1 0 1 0 1 0 0 1 1 0 0 0 0 0 0 0 1 0 0 0 0 0 0 0 1 0 1 0 0 0 0 0 0 1 0 0 1 0 0 0 1 4.32979154586792
0 1 1 1 0 1 0 0 1 1 0 0 0 0 0 0 0 1 0 0 0 0 0 0 0 1 0 1 0 0 0 0 0 0 1 0 0 1 0 0 0 1 4.7145843505859375
0 1 1 1 0 1 0 0 1 1 0 0 0 0 0 0 0 1 0 0 0 0 0 0 0 1 1 1 0 0 0 0 0 0 1 0 0 1 0 0 0 1 5.054442405700684
0 1 1 1 0 1 0 0 1 1 0 0 0 0 0 0 0 1 0 0 0 0 0 0 0 1 1 1 0 0 0 0 0 0 1 1 0 1 0 0 0 1 5.3470025062561035
0 1 1 1 0 1 0 0 1 1 0 0 0 0 1 0 0 1 0 0 0 0 0 0 0 1 1 1 0 0 0 0 0 0 1 1 0 1 0 0 0 1 5.562831878662109
0 1 1 1 0 1 0 0 1 1 0 0 0 0 1 0 0 1 0 0 0 0 0 0 0 1 1 1 0 0 0 0 0 0 1 1 0 1 0 0 0 0 5.723261833190918
0 1 1 1 0 1 0 0 1 1 0 0 0 0 1 0 0 1 0 0 0 0 0 0 0 1 1 1 0 1 0 0 0 0 1 1 0 1 0 0 0 0 6.05342435836792
0 1 1 1 0 1 0 0 1 1 0 0 0 0 1 0 0 1 0 0 0 0 0 0 0 1 1 1 0 1 0 0 0 0 1 1 0 0 0 0 0 0 6.3065714836120605
0 1 1 1 0 1 0 0 1 1 0 0 0 0 1 0 0 1 0 0 0 0 0 0 0 1 1 1 0 1 0 0 0 1 1 1 0 0 0 0 0 0 6.471998691558838
0 1 1 1 0 1 0 0 1 1 0 0 0 1 1 0 0 1 0 0 0 0 0 0 0 1 1 1 0 1 0 0 0 1 1 1 0 0 0 0 0 0 6.562955379486084
0 1 1 1 0 1 0 0 1 1 0 0 0 1 1 1 0 1 0 0 0 0 0 0 0 1 1 1 0 1 0 0 0 1 1 1 0 0 0 0 0 0 6.665873050689697
0 1 1 1 1 1 0 0 1 1 0 0 0 1 1 1 0 1 0 0 0 0 0 0 0 1 1 1 0 1 0 0 0 1 1 1 0 0 0 0 0 0 6.732933521270752
0 1 1 1 1 1 0 0 1 1 0 0 0 1 1 1 0 1 0 0 0 0 0 0 0 1 1 1 0 1 0 0 0 1 1 1 0 0 0 0 1 0 6.795873641967773
0 1 1 1 1 1 0 0 1 1 0 0 0 1 1 1 0 1 0 0 0 0 0 0 0 1 1 1 0 1 0 0 0 1 1 1 0 0 0 1 1 0 6.841489315032959
0 1 1 1 1 1 0 0 1 1 1 0 0 1 1 1 0 1 0 0 0 0 0 0 0 1 1 1 0 1 0 0 0 1 1 1 0 0 0 1 1 0 6.8758087158203125
0 1 1 1 1 1 0 0 1 1 1 0 0 1 1 1 0 1 0 0 0 0 0 0 0 1 1 1 0 1 0 0 1 1 1 1 0 0 0 1 1 0 6.864340782165527
0 0 0 0 0 0 0 0 0 1 1 0 1 1 1 0 0 0 0 1 0 0 0 0 0 0 0 0 1 0 0 0 0 1 0 1 0 1 0 0 1 0 3.993084669113159
0 0 0 0 0 0 0 0 0 1 1 0 1 1 1 0 0 0 0 1 0 0 0 0 0 0 0 0 1 0 0 0 1 1 0 1 0 1 0 0 1 0 4.463449954986572
0 0 0 0 0 0 0 0 1 1 1 0 1 1 1 0 0 0 0 1 0 0 0 0 0 0 0 0 1 0 0 0 1 1 0 1 0 1 0 0 1 0 4.75275182723999
0 0 0 0 0 0 0 0 1 1 1 0 1 1 1 1 0 0 0 1 0 0 0 0 0 0 0 0 1 0 0 0 1 1 0 1 0 1 0 0 1 0 5.0069074630737305
0 0 0 0 0 0 0 0 1 1 1 0 1 1 1 1 0 0 0 1 0 0 0 0 0 0 0 1 1 0 0 0 1 1 0 1 0 1 0 0 1 0 5.377957820892334
0 0 0 0 0 0 0 0 1 1 1 0 1 1 1 1 0 0 0 1 0 0 0 0 0 0 0 1 1 0 0 0 1 0 0 1 0 1 0 0 1 0 5.575659275054932
0 0 0 0 0 0 0 0 1 1 1 0 1 1 1 1 0 0 0 1 0 0 0 0 0 0 0 1 1 0 0 0 1 0 0 1 0 1 1 0 1 0 5.724050521850586
0 0 0 0 0 0 0 0 1 1 1 0 1 1 1 1 0 1 0 1 0 0 0 0 0 0 0 1 1 0 0 0 1 0 0 1 0 1 1 0 1 0 5.881859302520752
0 0 0 0 0 0 0 0 1 1 1 0 1 1 1 1 0 1 0 1 0 0 0 0 0 0 0 1 1 0 0 0 1 0 0 1 0 0 1 0 1 0 6.09984827041626
0 0 0 0 0 0 0 0 1 1 1 0 1 1 1 1 0 1 0 1 0 0 0 0 0 0 1 1 1 0 0 0 1 0 0 1 0 0 1 0 1 0 6.217465400695801
0 0 0 0 0 0 0 0 1 1 1 0 1 1 1 1 0 1 0 1 0 0 0 0 0 0 1 1 0 0 0 0 1 0 0 1 0 0 1 0 1 0 6.343174934387207
0 0 0 0 0 1 0 0 1 1 1 0 1 1 1 1 0 1 0 1 0 0 0 0 0 0 1 1 0 0 0 0 1 0 0 1 0 0 1 0 1 0 6.462021350860596
0 0 0 0 0 1 0 0 1 1 1 0 1 1 1 1 0 1 0 1 1 0 0 0 0 0 1 1 0 0 0 0 1 0 0 1 0 0 1 0 1 0 6.575557231903076
0 0 0 0 0 1 0 0 1 1 1 0 1 1 1 1 0 1 0 1 1 0 0 0 0 1 1 1 0 0 0 0 1 0 0 1 0 0 1 0 1 0 6.657013416290283
0 0 0 0 0 1 0 0 1 1 1 0 1 1 1 1 0 1 0 0 1 0 0 0 0 1 1 1 0 0 0 0 1 0 0 1 0 0 1 0 1 0 6.717048168182373
0 0 1 0 0 1 0 0 1 1 1 0 1 1 1 1 0 1 0 0 1 0 0 0 0 1 1 1 0 0 0 0 1 0 0 1 0 0 1 0 1 0 6.777996063232422
0 0 1 0 0 1 0 0 1 1 1 0 1 1 1 1 0 1 0 0 1 0 0 0 0 1 1 1 0 1 0 0 1 0 0 1 0 0 1 0 1 0 6.817961692810059
0 0 1 0 1 1 0 0 1 1 1 0 1 1 1 1 0 1 0 0 1 0 0 0 0 1 1 1 0 1 0 0 1 0 0 1 0 0 1 0 1 0 6.864556312561035
0 0 1 0 1 1 0 0 1 1 1 0 1 1 1 1 0 1 0 0 1 0 0 0 0 1 1 1 0 1 0 0 1 0 1 1 0 0 1 0 1 0 6.958081245422363
0 0 1 0 1 1 0 0 1 1 1 0 1 1 1 1 0 1 0 0 0 0 0 0 0 1 1 1 0 1 0 0 1 0 1 1 0 0 1 0 1 0 7.027245044708252
0 1 1 0 1 1 0 0 1 1 1 0 1 1 1 1 0 1 0 0 0 0 0 0 0 1 1 1 0 1 0 0 1 0 1 1 0 0 1 0 1 0 7.027240753173828
0 1 0 1 0 0 0 0 0 1 1 0 1 0 0 1 0 1 0 0 0 0 0 0 0 1 0 0 0 0 0 1 0 1 0 0 0 0 0 0 0 1 3.8215134143829346
0 1 0 1 0 0 0 0 0 1 1 0 1 0 0 1 0 1 0 0 0 0 0 0 0 1 0 0 0 0 0 1 0 1 0 0 0 0 0 0 1 1 4.2909650802612305
0 1 0 1 0 0 0 0 0 1 1 0 1 1 0 1 0 1 0 0 0 0 0 0 0 1 0 0 0 0 0 1 0 1 0 0 0 0 0 0 1 1 4.645918846130371
0 1 0 1 0 0 0 0 0 1 1 0 1 1 0 1 0 1 0 0 0 0 0 0 0 1 0 0 0 1 0 1 0 1 0 0 0 0 0 0 1 1 4.935921669006348
0 1 0 1 0 0 0 0 0 1 1 0 1 1 0 1 0 1 0 0 0 0 0 0 0 1 0 1 0 1 0 1 0 1 0 0 0 0 0 0 1 1 5.239455699920654
0 1 0 1 0 0 0 0 0 1 1 0 1 1 1 1 0 1 0 0 0 0 0 0 0 1 0 1 0 1 0 1 0 1 0 0 0 0 0 0 1 1 5.513278961181641
0 1 0 1 0 0 0 0 0 1 1 0 1 1 1 1 0 1 0 0 0 0 0 0 0 1 0 1 0 1 0 1 1 1 0 0 0 0 0 0 1 1 5.760509490966797
0 1 0 1 0 0 0 0 0 1 1 0 1 1 1 1 0 1 0 0 0 0 0 0 0 1 0 1 0 1 0 0 1 1 0 0 0 0 0 0 1 1 5.961738109588623
0 1 0 1 0 0 0 0 1 1 1 0 1 1 1 1 0 1 0 0 0 0 0 0 0 1 0 1 0 1 0 0 1 1 0 0 0 0 0 0 1 1 6.118809223175049
0 1 1 1 0 0 0 0 1 1 1 0 1 1 1 1 0 1 0 0 0 0 0 0 0 1 0 1 0 1 0 0 1 1 0 0 0 0 0 0 1 1 6.303259372711182
0 1 1 1 1 0 0 0 1 1 1 0 1 1 1 1 0 1 0 0 0 0 0 0 0 1 0 1 0 1 0 0 1 1 0 0 0 0 0 0 1 1 6.423488616943359
0 1 1 1 1 0 0 0 1 1 1 0 1 1 1 1 0 1 0 0 0 0 0 0 0 1 1 1 0 1 0 0 1 1 0 0 0 0 0 0 1 1 6.5689167976379395
0 1 1 1 1 0 0 0 1 1 1 0 1 1 1 1 0 1 0 0 0 0 0 0 0 1 1 1 0 1 0 0 1 1 0 0 0 0 0 0 1 0 6.73443603515625
0 1 1 1 1 1 0 0 1 1 1 0 1 1 1 1 0 1 0 0 0 0 0 0 0 1 1 1 0 1 0 0 1 1 0 0 0 0 0 0 1 0 6.806200981140137
0 1 1 1 1 1 0 0 1 1 1 0 1 1 1 1 0 1 0 0 0 0 0 0 0 1 1 1 0 1 0 0 1 1 0 1 0 0 0 0 1 0 6.887954235076904
0 1 1 1 1 1 0 0 1 1 1 0 1 1 1 1 0 1 0 0 0 0 0 0 0 1 1 1 0 1 0 0 1 1 1 1 0 0 0 0 1 0 6.976198673248291
0 1 1 1 1 1 0 0 1 1 1 0 1 1 1 1 0 1 0 0 0 0 0 0 0 1 1 1 0 1 0 0 1 1 1 1 0 0 1 0 1 0 7.00749397277832
0 1 1 0 1 1 0 0 1 1 1 0 1 1 1 1 0 1 0 0 0 0 0 0 0 1 1 1 0 1 0 0 1 1 1 1 0 0 1 0 1 0 7.01166296005249
0 1 1 0 1 1 0 0 1 1 1 0 1 1 1 1 0 1 0 0 0 0 0 0 0 1 1 1 0 1 0 0 1 0 1 1 0 0 1 0 1 0 7.027240753173828
0 0 1 0 1 1 0 0 1 1 1 0 1 1 1 1 0 1 0 0 0 0 0 0 0 1 1 1 0 1 0 0 1 0 1 1 0 0 1 0 1 0 7.027245044708252
0 1 1 0 1 1 0 0 1 1 1 0 1 1 1 1 0 1 0 0 0 0 0 0 0 1 1 1 0 1 0 0 1 0 1 1 0 0 1 0 1 0 7.027240753173828
0 0 0 1 1 1 0 0 1 1 1 0 0 0 0 1 0 0 1 0 0 0 0 0 0 0 0 0 0 1 0 0 0 1 0 0 0 0 0 0 0 1 3.5916552543640137
0 0 0 1 1 1 0 0 1 1 1 0 0 0 1 1 0 0 1 0 0 0 0 0 0 0 0 0 0 1 0 0 0 1 0 0 0 0 0 0 0 1 4.072231292724609
0 0 0 1 1 1 0 0 1 1 1 0 0 0 1 1 0 0 1 0 0 0 0 0 0 0 0 0 0 1 0 0 0 1 0 0 0 0 0 0 0 0 4.511607646942139
0 0 0 1 1 1 0 0 1 1 1 0 0 0 1 1 0 0 0 0 0 0 0 0 0 0 0 0 0 1 0 0 0 1 0 0 0 0 0 0 0 0 4.827668190002441
0 0 0 1 1 1 0 0 1 1 1 0 0 0 1 1 0 0 0 0 0 0 0 0 0 0 0 0 0 1 0 0 1 1 0 0 0 0 0 0 0 0 5.169931411743164
0 0 0 1 1 1 0 0 1 1 1 0 0 0 1 1 0 0 0 0 0 0 0 0 0 0 0 1 0 1 0 0 1 1 0 0 0 0 0 0 0 0 5.430587291717529
0 0 0 1 1 1 0 0 1 1 1 0 0 0 1 1 0 1 0 0 0 0 0 0 0 0 0 1 0 1 0 0 1 1 0 0 0 0 0 0 0 0 5.691128253936768
0 0 0 1 1 1 0 0 1 1 1 0 0 0 1 1 0 1 0 0 0 0 0 0 0 0 0 1 0 1 0 0 1 1 0 0 0 0 0 1 0 0 5.917407512664795
0 0 0 1 1 1 0 0 1 1 1 0 0 0 1 1 0 1 0 0 0 0 0 0 0 0 1 1 0 1 0 0 1 1 0 0 0 0 0 1 0 0 6.209286689758301
0 0 0 1 1 1 1 0 1 1 1 0 0 0 1 1 0 1 0 0 0 0 0 0 0 0 1 1 0 1 0 0 1 1 0 0 0 0 0 1 0 0 6.39674186706543
0 0 0 1 1 1 1 0 1 1 1 0 0 0 1 1 0 1 0 0 0 0 0 0 0 0 1 1 0 1 0 0 1 1 1 0 0 0 0 1 0 0 6.583713054656982
0 0 0 1 1 1 1 0 1 1 1 0 0 0 1 1 0 1 0 0 0 0 0 0 0 1 1 1 0 1 0 0 1 1 1 0 0 0 0 1 0 0 6.7215752601623535
0 0 0 1 1 1 1 0 1 1 1 0 0 0 1 1 0 1 0 0 0 0 0 0 0 1 1 1 1 1 0 0 1 1 1 0 0 0 0 1 0 0 6.878119468688965
0 0 1 1 1 1 1 0 1 1 1 0 0 0 1 1 0 1 0 0 0 0 0 0 0 1 1 1 1 1 0 0 1 1 1 0 0 0 0 1 0 0 6.932992458343506
0 0 1 1 1 1 1 0 1 1 1 0 0 0 1 1 0 1 0 1 0 0 0 0 0 1 1 1 1 1 0 0 1 1 1 0 0 0 0 1 0 0 6.974560260772705
0 0 1 1 1 1 1 0 1 1 1 0 0 0 1 0 0 1 0 1 0 0 0 0 0 1 1 1 1 1 0 0 1 1 1 0 0 0 0 1 0 0 6.996726036071777
0 0 1 0 1 1 1 0 1 1 1 0 0 0 1 0 0 1 0 1 0 0 0 0 0 1 1 1 1 1 0 0 1 1 1 0 0 0 0 1 0 0 7.011837959289551
0 0 1 1 1 1 1 0 1 1 1 0 0 0 1 0 0 1 0 1 0 0 0 0 0 1 1 1 1 1 0 0 1 1 1 0 0 0 0 1 0 0 6.996726036071777
0 0 1 0 1 0 0 0 0 1 1 0 0 0 1 1 0 1 0 0 0 0 0 0 0 0 0 0 1 1 0 0 0 1 1 0 0 0 0 0 0 0 5.114252090454102
0 0 1 0 1 0 0 0 0 1 1 0 0 0 1 1 0 1 0 0 0 0 0 0 0 0 0 0 1 1 0 0 1 1 1 0 0 0 0 0 0 0 5.497155666351318
0 0 1 0 1 0 0 0 0 1 1 0 1 0 1 1 0 1 0 0 0 0 0 0 0 0 0 0 1 1 0 0 1 1 1 0 0 0 0 0 0 0 5.824044704437256
0 0 1 0 1 0 0 0 0 1 1 0 1 0 1 1 0 1 0 0 0 0 0 0 0 1 0 0 1 1 0 0 1 1 1 0 0 0 0 0 0 0 6.038471221923828
0 0 1 0 1 0 0 0 0 1 1 0 1 0 1 1 0 1 0 0 0 0 0 0 0 1 0 0 1 1 0 0 1 1 1 0 0 0 0 1 0 0 6.207115173339844
0 0 1 0 1 0 0 0 0 1 1 0 1 0 1 1 0 1 0 0 0 0 0 0 0 1 0 1 1 1 0 0 1 1 1 0 0 0 0 1 0 0 6.382641315460205
0 0 1 0 1 0 0 0 0 1 1 0 1 0 1 1 0 1 0 0 0 0 0 0 0 1 0 1 1 1 0 0 1 1 1 0 0 0 0 1 1 0 6.538550853729248
0 0 0 0 1 0 0 0 0 1 1 0 1 0 1 1 0 1 0 0 0 0 0 0 0 1 0 1 1 1 0 0 1 1 1 0 0 0 0 1 1 0 6.677587985992432
0 0 0 0 1 0 1 0 0 1 1 0 1 0 1 1 0 1 0 0 0 0 0 0 0 1 0 1 1 1 0 0 1 1 1 0 0 0 0 1 1 0 6.7705278396606445
0 0 0 0 1 0 1 0 1 1 1 0 1 0 1 1 0 1 0 0 0 0 0 0 0 1 0 1 1 1 0 0 1 1 1 0 0 0 0 1 1 0 6.858029842376709
0 0 0 0 1 0 1 0 1 1 1 0 1 0 1 1 0 1 0 0 0 0 0 0 0 1 1 1 1 1 0 0 1 1 1 0 0 0 0 1 1 0 6.98272705078125
0 0 0 0 1 1 1 0 1 1 1 0 1 0 1 1 0 1 0 0 0 0 0 0 0 1 1 1 1 1 0 0 1 1 1 0 0 0 0 1 1 0 7.055324554443359
0 0 0 0 1 1 1 0 1 1 1 0 1 0 1 1 0 1 0 0 0 0 0 0 0 1 1 1 1 1 0 0 1 1 1 0 0 0 1 1 1 0 7.0953521728515625
0 0 0 0 1 1 1 0 1 1 1 0 1 0 1 1 0 1 0 1 0 0 0 0 0 1 1 1 1 1 0 0 1 1 1 0 0 0 1 1 1 0 7.100183486938477
1 0 0 0 1 1 1 0 1 1 1 0 1 0 1 1 0 1 0 1 0 0 0 0 0 1 1 1 1 1 0 0 1 1 1 0 0 0 1 1 1 0 7.122417449951172
1 0 0 0 1 1 1 0 1 1 1 0 1 0 1 1 0 1 0 1 0 0 0 0 0 1 1 1 1 1 0 0 1 1 1 0 0 0 0 1 1 0 7.1060686111450195
0 1 0 0 0 1 0 0 0 1 0 0 0 1 0 0 0 0 0 0 1 1 0 0 0 0 0 0 1 0 0 0 1 0 1 1 0 0 0 0 1 0 3.6301004886627197
0 1 0 0 0 1 0 0 0 1 0 0 0 1 1 0 0 0 0 0 1 1 0 0 0 0 0 0 1 0 0 0 1 0 1 1 0 0 0 0 1 0 4.091160774230957
0 1 0 0 0 1 0 0 0 1 0 0 0 1 1 0 0 0 0 0 1 0 0 0 0 0 0 0 1 0 0 0 1 0 1 1 0 0 0 0 1 0 4.545023441314697
0 1 0 0 0 1 0 0 0 1 1 0 0 1 1 0 0 0 0 0 1 0 0 0 0 0 0 0 1 0 0 0 1 0 1 1 0 0 0 0 1 0 4.8993916511535645
0 1 0 0 0 1 0 0 1 1 1 0 0 1 1 0 0 0 0 0 1 0 0 0 0 0 0 0 1 0 0 0 1 0 1 1 0 0 0 0 1 0 5.234025001525879
0 1 0 0 0 1 0 0 1 1 1 0 0 1 1 0 0 0 0 0 1 0 0 0 0 0 0 1 1 0 0 0 1 0 1 1 0 0 0 0 1 0 5.474976539611816
0 1 0 0 0 1 0 0 1 1 1 0 0 1 1 1 0 0 0 0 1 0 0 0 0 0 0 1 1 0 0 0 1 0 1 1 0 0 0 0 1 0 5.833200454711914
0 1 0 0 0 1 0 0 1 1 1 0 0 1 1 1 0 0 0 0 1 0 0 0 0 0 0 1 1 0 0 0 1 0 1 1 0 0 1 0 1 0 6.035090923309326
0 1 0 0 0 1 0 0 1 1 1 0 0 1 1 1 0 1 0 0 1 0 0 0 0 0 0 1 1 0 0 0 1 0 1 1 0 0 1 0 1 0 6.179708003997803
0 0 0 0 0 1 0 0 1 1 1 0 0 1 1 1 0 1 0 0 1 0 0 0 0 0 0 1 1 0 0 0 1 0 1 1 0 0 1 0 1 0 6.296949863433838
0 0 0 0 0 1 0 0 1 1 1 0 1 1 1 1 0 1 0 0 1 0 0 0 0 0 0 1 1 0 0 0 1 0 1 1 0 0 1 0 1 0 6.4209513664245605
0 0 0 0 0 1 0 0 1 1 1 0 1 1 1 1 0 1 0 0 1 0 0 0 0 0 0 1 0 0 0 0 1 0 1 1 0 0 1 0 1 0 6.575018882751465
0 0 0 0 0 1 0 0 1 1 1 0 1 1 1 1 0 1 0 0 1 0 0 0 0 0 1 1 0 0 0 0 1 0 1 1 0 0 1 0 1 0 6.666858196258545
0 0 0 0 0 1 0 0 1 1 1 0 1 1 1 1 0 1 0 0 1 0 0 0 0 1 1 1 0 0 0 0 1 0 1 1 0 0 1 0 1 0 6.744372844696045
0 0 1 0 0 1 0 0 1 1 1 0 1 1 1 1 0 1 0 0 1 0 0 0 0 1 1 1 0 0 0 0 1 0 1 1 0 0 1 0 1 0 6.80653190612793
0 0 1 0 0 1 0 0 1 1 1 0 1 1 1 1 0 1 0 0 1 0 0 0 0 1 1 1 0 1 0 0 1 0 1 1 0 0 1 0 1 0 6.863386631011963
0 0 1 0 1 1 0 0 1 1 1 0 1 1 1 1 0 1 0 0 1 0 0 0 0 1 1 1 0 1 0 0 1 0 1 1 0 0 1 0 1 0 6.958081245422363
0 0 1 0 1 1 0 0 1 1 1 0 1 1 1 1 0 1 0 0 0 0 0 0 0 1 1 1 0 1 0 0 1 0 1 1 0 0 1 0 1 0 7.027245044708252
0 1 1 0 1 1 0 0 1 1 1 0 1 1 1 1 0 1 0 0 0 0 0 0 0 1 1 1 0 1 0 0 1 0 1 1 0 0 1 0 1 0 7.027240753173828
0 1 0 1 0 0 0 0 1 1 0 0 0 0 0 1 0 1 1 0 0 0 0 0 0 0 0 1 0 1 0 0 0 1 0 0 0 1 0 0 0 0 3.8979716300964355
0 1 1 1 0 0 0 0 1 1 0 0 0 0 0 1 0 1 1 0 0 0 0 0 0 0 0 1 0 1 0 0 0 1 0 0 0 1 0 0 0 0 4.419411659240723
0 1 1 1 0 0 0 0 1 1 0 0 0 0 0 1 0 1 1 0 0 0 0 0 0 0 1 1 0 1 0 0 0 1 0 0 0 1 0 0 0 0 4.8069305419921875
0 1 1 1 0 0 0 0 1 1 0 0 0 0 1 1 0 1 1 0 0 0 0 0 0 0 1 1 0 1 0 0 0 1 0 0 0 1 0 0 0 0 5.145073413848877
0 1 1 1 0 0 0 0 1 1 0 0 0 0 1 1 0 1 1 0 0 0 0 0 0 0 1 1 0 1 0 0 0 1 0 0 0 0 0 0 0 0 5.530203342437744
0 1 1 1 0 1 0 0 1 1 0 0 0 0 1 1 0 1 1 0 0 0 0 0 0 0 1 1 0 1 0 0 0 1 0 0 0 0 0 0 0 0 5.834203243255615
0 1 1 1 0 1 0 0 1 1 0 0 0 0 1 1 0 1 0 0 0 0 0 0 0 0 1 1 0 1 0 0 0 1 0 0 0 0 0 0 0 0 6.092886447906494
0 1 1 1 0 1 0 0 1 1 0 0 0 0 1 1 0 1 0 0 0 0 0 0 0 1 1 1 0 1 0 0 0 1 0 0 0 0 0 0 0 0 6.273146152496338
0 1 1 1 0 1 0 0 1 1 0 0 0 1 1 1 0 1 0 0 0 0 0 0 0 1 1 1 0 1 0 0 0 1 0 0 0 0 0 0 0 0 6.469120502471924
0 1 1 1 0 1 0 0 1 1 0 0 0 1 1 1 0 1 0 0 0 0 0 0 0 1 1 1 0 1 0 0 0 1 1 0 0 0 0 0 0 0 6.552112102508545
0 1 1 1 0 1 0 0 1 1 0 0 0 1 1 1 0 1 0 0 0 0 0 0 0 1 1 1 0 1 0 0 0 1 1 1 0 0 0 0 0 0 6.665873050689697
0 1 1 1 1 1 0 0 1 1 0 0 0 1 1 1 0 1 0 0 0 0 0 0 0 1 1 1 0 1 0 0 0 1 1 1 0 0 0 0 0 0 6.732933521270752
0 1 1 1 1 1 0 0 1 1 0 0 0 1 1 1 0 1 0 0 0 0 0 0 0 1 1 1 0 1 0 0 0 1 1 1 0 0 0 0 1 0 6.795873641967773
0 1 1 1 1 1 0 0 1 1 0 0 0 1 1 1 0 1 0 0 0 0 0 0 0 1 1 1 0 1 0 0 0 1 1 1 0 0 0 1 1 0 6.841489315032959
0 1 1 1 1 1 0 0 1 1 1 0 0 1 1 1 0 1 0 0 0 0 0 0 0 1 1 1 0 1 0 0 0 1 1 1 0 0 0 1 1 0 6.8758087158203125
0 1 1 1 1 1 0 0 1 1 1 0 0 1 1 1 0 1 0 0 0 0 0 0 0 1 1 1 0 1 0 0 1 1 1 1 0 0 0 1 1 0 6.864340782165527
0 0 0 0 0 1 0 0 1 1 0 0 1 1 1 0 0 0 0 1 0 0 0 0 0 0 0 0 0 0 0 0 1 1 0 0 0 1 0 0 1 0 4.418059825897217
0 0 0 0 0 1 0 0 1 1 1 0 1 1 1 0 0 0 0 1 0 0 0 0 0 0 0 0 0 0 0 0 1 1 0 0 0 1 0 0 1 0 4.893354892730713
0 0 0 0 0 1 0 0 1 1 1 0 1 1 1 1 0 0 0 1 0 0 0 0 0 0 0 0 0 0 0 0 1 1 0 0 0 1 0 0 1 0 5.1560821533203125
0 0 0 0 0 1 0 0 1 1 1 0 1 1 1 1 0 0 0 1 0 0 0 0 0 0 0 1 0 0 0 0 1 1 0 0 0 1 0 0 1 0 5.5167036056518555
0 0 0 0 0 1 0 0 1 1 1 0 1 1 1 1 0 0 0 1 0 0 0 0 0 0 0 1 0 0 0 0 1 0 0 0 0 1 0 0 1 0 5.700166702270508
0 0 0 0 0 1 0 0 1 1 1 0 1 1 1 1 0 0 0 1 0 0 0 0 0 0 0 1 0 0 0 0 1 0 0 0 0 0 0 0 1 0 5.858072757720947
0 0 0 0 0 1 0 0 1 1 1 0 1 1 1 1 0 1 0 1 0 0 0 0 0 0 0 1 0 0 0 0 1 0 0 0 0 0 0 0 1 0 6.067839622497559
0 0 0 0 0 1 0 0 1 1 1 0 1 1 1 1 0 1 0 1 0 0 0 0 0 0 0 1 0 0 0 0 1 0 0 0 0 0 1 0 1 0 6.207326889038086
0 0 0 0 0 1 0 0 1 1 1 0 1 1 1 1 0 1 0 1 0 0 0 0 0 0 0 1 0 0 0 0 1 0 0 1 0 0 1 0 1 0 6.34594202041626
0 0 0 0 0 1 0 0 1 1 1 0 1 1 1 1 0 1 0 1 0 0 0 0 0 0 1 1 0 0 0 0 1 0 0 1 0 0 1 0 1 0 6.462021350860596
0 0 0 0 0 1 0 0 1 1 1 0 1 1 1 1 0 1 0 1 1 0 0 0 0 0 1 1 0 0 0 0 1 0 0 1 0 0 1 0 1 0 6.575557231903076
0 0 0 0 0 1 0 0 1 1 1 0 1 1 1 1 0 1 0 1 1 0 0 0 0 1 1 1 0 0 0 0 1 0 0 1 0 0 1 0 1 0 6.657013416290283
0 0 0 0 0 1 0 0 1 1 1 0 1 1 1 1 0 1 0 0 1 0 0 0 0 1 1 1 0 0 0 0 1 0 0 1 0 0 1 0 1 0 6.717048168182373
0 0 1 0 0 1 0 0 1 1 1 0 1 1 1 1 0 1 0 0 1 0 0 0 0 1 1 1 0 0 0 0 1 0 0 1 0 0 1 0 1 0 6.777996063232422
0 0 1 0 0 1 0 0 1 1 1 0 1 1 1 1 0 1 0 0 1 0 0 0 0 1 1 1 0 1 0 0 1 0 0 1 0 0 1 0 1 0 6.817961692810059
0 0 1 0 1 1 0 0 1 1 1 0 1 1 1 1 0 1 0 0 1 0 0 0 0 1 1 1 0 1 0 0 1 0 0 1 0 0 1 0 1 0 6.864556312561035
0 0 1 0 1 1 0 0 1 1 1 0 1 1 1 1 0 1 0 0 1 0 0 0 0 1 1 1 0 1 0 0 1 0 1 1 0 0 1 0 1 0 6.958081245422363
0 0 1 0 1 1 0 0 1 1 1 0 1 1 1 1 0 1 0 0 0 0 0 0 0 1 1 1 0 1 0 0 1 0 1 1 0 0 1 0 1 0 7.027245044708252
0 1 1 0 1 1 0 0 1 1 1 0 1 1 1 1 0 1 0 0 0 0 0 0 0 1 1 1 0 1 0 0 1 0 1 1 0 0 1 0 1 0 7.027240753173828
0 1 0 1 1 0 0 0 0 1 0 0 0 1 0 0 0 0 1 0 0 0 0 0 0 1 0 1 0 1 0 0 0 0 0 0 0 0 1 0 0 1 3.331369400024414
0 1 0 1 1 0 0 0 0 1 0 0 0 1 0 0 0 1 1 0 0 0 0 0 0 1 0 1 0 1 0 0 0 0 0 0 0 0 1 0 0 1 3.743947982788086
0 1 0 1 1 0 0 0 0 1 0 0 0 1 0 0 0 1 1 0 0 0 0 0 0 1 0 1 0 1 0 0 0 0 0 0 0 0 1 0 1 1 4.238289833068848
0 1 0 1 1 0 0 0 0 1 0 0 0 1 0 0 0 1 0 0 0 0 0 0 0 1 0 1 0 1 0 0 0 0 0 0 0 0 1 0 1 1 4.664191722869873
0 1 0 1 1 0 0 0 0 1 0 0 0 1 0 0 0 1 0 0 0 0 0 0 0 1 0 1 0 1 0 0 1 0 0 0 0 0 1 0 1 1 5.062391757965088
0 1 0 1 1 0 0 0 0 1 0 0 0 1 1 0 0 1 0 0 0 0 0 0 0 1 0 1 0 1 0 0 1 0 0 0 0 0 1 0 1 1 5.302466869354248
0 1 0 1 1 0 0 0 0 1 1 0 0 1 1 0 0 1 0 0 0 0 0 0 0 1 0 1 0 1 0 0 1 0 0 0 0 0 1 0 1 1 5.60325288772583
0 1 0 1 1 0 0 0 1 1 1 0 0 1 1 0 0 1 0 0 0 0 0 0 0 1 0 1 0 1 0 0 1 0 0 0 0 0 1 0 1 1 5.873683929443359
0 1 1 1 1 0 0 0 1 1 1 0 0 1 1 0 0 1 0 0 0 0 0 0 0 1 0 1 0 1 0 0 1 0 0 0 0 0 1 0 1 1 6.054372310638428
0 1 1 1 1 0 0 0 1 1 1 0 0 1 1 1 0 1 0 0 0 0 0 0 0 1 0 1 0 1 0 0 1 0 0 0 0 0 1 0 1 1 6.212106704711914
0 1 1 1 1 0 0 0 1 1 1 0 1 1 1 1 0 1 0 0 0 0 0 0 0 1 0 1 0 1 0 0 1 0 0 0 0 0 1 0 1 1 6.441221714019775
0 1 1 1 1 0 0 0 1 1 1 0 1 1 1 1 0 1 0 0 0 0 0 0 0 1 0 1 0 1 0 0 1 0 0 0 0 0 1 0 1 0 6.564803123474121
0 1 1 1 1 0 0 0 1 1 1 0 1 1 1 1 0 1 0 0 0 0 0 0 0 1 1 1 0 1 0 0 1 0 0 0 0 0 1 0 1 0 6.721344947814941
0 1 1 1 1 0 0 0 1 1 1 0 1 1 1 1 0 1 0 0 0 0 0 0 0 1 1 1 0 1 0 0 1 0 0 1 0 0 1 0 1 0 6.819343090057373
0 1 1 1 1 1 0 0 1 1 1 0 1 1 1 1 0 1 0 0 0 0 0 0 0 1 1 1 0 1 0 0 1 0 0 1 0 0 1 0 1 0 6.917090892791748
0 1 1 1 1 1 0 0 1 1 1 0 1 1 1 1 0 1 0 0 0 0 0 0 0 1 1 1 0 1 0 0 1 0 1 1 0 0 1 0 1 0 6.996311187744141
0 1 1 0 1 1 0 0 1 1 1 0 1 1 1 1 0 1 0 0 0 0 0 0 0 1 1 1 0 1 0 0 1 0 1 1 0 0 1 0 1 0 7.027240753173828
0 0 1 0 1 1 0 0 1 1 1 0 1 1 1 1 0 1 0 0 0 0 0 0 0 1 1 1 0 1 0 0 1 0 1 1 0 0 1 0 1 0 7.027245044708252
0 1 1 0 1 1 0 0 1 1 1 0 1 1 1 1 0 1 0 0 0 0 0 0 0 1 1 1 0 1 0 0 1 0 1 1 0 0 1 0 1 0 7.027240753173828
0 1 0 0 1 1 0 0 1 0 0 0 0 1 1 0 0 1 1 0 0 0 0 0 0 0 0 0 0 1 0 0 0 1 0 0 0 1 0 0 0 0 4.085770606994629
0 1 1 0 1 1 0 0 1 0 0 0 0 1 1 0 0 1 1 0 0 0 0 0 0 0 0 0 0 1 0 0 0 1 0 0 0 1 0 0 0 0 4.650724411010742
0 1 1 0 1 1 0 0 1 0 0 0 0 1 1 0 0 1 1 0 0 0 0 0 0 0 0 0 0 1 0 0 0 1 0 0 0 0 0 0 0 0 4.983243465423584
0 1 1 0 1 1 0 0 1 0 0 0 0 1 1 0 0 1 1 0 0 0 0 0 0 0 1 0 0 1 0 0 0 1 0 0 0 0 0 0 0 0 5.417169570922852
0 1 1 0 1 1 0 0 1 0 0 0 0 1 1 0 0 1 0 0 0 0 0 0 0 0 1 0 0 1 0 0 0 1 0 0 0 0 0 0 0 0 5.64692497253418
0 1 1 0 1 1 0 0 1 0 0 0 0 1 1 0 0 1 0 0 0 0 0 0 0 0 1 1 0 1 0 0 0 1 0 0 0 0 0 0 0 0 5.867224216461182
0 1 1 0 1 1 0 0 1 0 0 0 0 1 1 0 0 1 0 0 0 0 0 0 0 1 1 1 0 1 0 0 0 1 0 0 0 0 0 0 0 0 6.089717388153076
0 1 1 0 1 1 0 0 1 1 0 0 0 1 1 0 0 1 0 0 0 0 0 0 0 1 1 1 0 1 0 0 0 1 0 0 0 0 0 0 0 0 6.326384544372559
0 1 1 0 1 1 0 0 1 1 0 0 0 1 1 0 0 1 0 0 0 0 0 0 0 1 1 1 0 1 0 0 0 1 1 0 0 0 0 0 0 0 6.5004963874816895
0 1 1 0 1 1 0 0 1 1 0 0 0 1 1 1 0 1 0 0 0 0 0 0 0 1 1 1 0 1 0 0 0 1 1 0 0 0 0 0 0 0 6.625363349914551
0 1 1 0 1 1 0 0 1 1 0 0 0 1 1 1 0 1 0 0 0 0 0 0 0 1 1 1 0 1 0 0 0 1 1 1 0 0 0 0 0 0 6.690580368041992
0 1 1 0 1 1 0 0 1 1 0 0 0 1 1 1 0 1 0 0 0 0 0 0 0 1 1 1 0 1 0 0 0 1 1 1 0 0 0 0 1 0 6.765041351318359
0 1 1 0 1 1 0 0 1 1 0 0 0 1 1 1 0 1 0 0 0 0 0 0 0 1 1 1 0 1 0 0 1 1 1 1 0 0 0 0 1 0 6.8225860595703125
0 1 1 0 1 1 0 0 1 1 0 0 0 1 1 1 0 1 0 0 0 0 0 0 0 1 1 1 0 1 0 0 1 1 1 1 0 0 0 1 1 0 6.848031520843506
0 1 1 0 1 1 0 0 1 1 1 0 0 1 1 1 0 1 0 0 0 0 0 0 0 1 1 1 0 1 0 0 1 1 1 1 0 0 0 1 1 0 6.896244525909424
0 1 1 0 1 1 0 0 1 1 1 0 1 1 1 1 0 1 0 0 0 0 0 0 0 1 1 1 0 1 0 0 1 1 1 1 0 0 0 1 1 0 6.922248363494873
0 1 1 0 1 1 0 0 1 1 1 0 1 1 1 1 0 1 0 0 0 0 0 0 0 1 1 1 0 1 0 0 1 1 1 1 0 0 0 0 1 0 6.977571487426758
0 1 1 0 1 1 0 0 1 1 1 0 1 1 1 1 0 1 0 0 0 0 0 0 0 1 1 1 0 1 0 0 1 1 1 1 0 0 1 0 1 0 7.01166296005249
0 1 1 0 1 1 0 0 1 1 1 0 1 1 1 1 0 1 0 0 0 0 0 0 0 1 1 1 0 1 0 0 1 0 1 1 0 0 1 0 1 0 7.027240753173828
0 0 1 0 1 1 0 0 1 1 1 0 1 1 1 1 0 1 0 0 0 0 0 0 0 1 1 1 0 1 0 0 1 0 1 1 0 0 1 0 1 0 7.027245044708252
0 1 1 0 1 1 0 0 1 1 1 0 1 1 1 1 0 1 0 0 0 0 0 0 0 1 1 1 0 1 0 0 1 0 1 1 0 0 1 0 1 0 7.027240753173828
0 0 0 0 0 1 0 0 1 0 1 0 0 0 1 0 1 1 0 0 1 0 0 0 0 0 0 1 0 1 0 0 0 1 1 0 0 0 0 0 0 0 5.170894622802734
0 0 0 0 0 1 0 0 1 0 1 0 0 0 1 0 1 1 0 0 1 0 0 0 0 0 0 1 0 1 0 0 0 1 1 0 0 0 0 1 0 0 5.646162509918213
0 0 0 0 0 1 0 0 1 0 1 0 0 0 1 0 1 1 0 0 1 0 0 0 0 0 1 1 0 1 0 0 0 1 1 0 0 0 0 1 0 0 5.865768909454346
0 0 0 0 0 1 1 0 1 0 1 0 0 0 1 0 1 1 0 0 1 0 0 0 0 0 1 1 0 1 0 0 0 1 1 0 0 0 0 1 0 0 6.0456438064575195
0 0 0 0 0 1 1 0 1 0 1 0 0 0 1 0 1 1 0 0 1 0 0 0 0 0 1 1 0 1 0 0 1 1 1 0 0 0 0 1 0 0 6.1634697914123535
0 0 0 0 0 1 1 0 1 1 1 0 0 0 1 0 1 1 0 0 1 0 0 0 0 0 1 1 0 1 0 0 1 1 1 0 0 0 0 1 0 0 6.3433637619018555
0 0 0 0 0 1 1 0 1 1 1 0 0 0 1 0 0 1 0 0 1 0 0 0 0 0 1 1 0 1 0 0 1 1 1 0 0 0 0 1 0 0 6.554516792297363
0 0 0 0 0 1 1 0 1 1 1 0 0 0 1 0 0 1 0 0 1 0 0 0 0 0 1 1 1 1 0 0 1 1 1 0 0 0 0 1 0 0 6.641379356384277
0 0 0 0 0 1 1 0 1 1 1 0 0 0 1 0 0 1 0 0 0 0 0 0 0 0 1 1 1 1 0 0 1 1 1 0 0 0 0 1 0 0 6.714903831481934
0 0 0 0 0 1 1 0 1 1 1 0 0 0 1 0 0 1 0 0 0 0 0 0 0 1 1 1 1 1 0 0 1 1 1 0 0 0 0 1 0 0 6.842105865478516
0 0 0 0 1 1 1 0 1 1 1 0 0 0 1 0 0 1 0 0 0 0 0 0 0 1 1 1 1 1 0 0 1 1 1 0 0 0 0 1 0 0 6.952708721160889
0 0 1 0 1 1 1 0 1 1 1 0 0 0 1 0 0 1 0 0 0 0 0 0 0 1 1 1 1 1 0 0 1 1 1 0 0 0 0 1 0 0 6.978249549865723
0 0 1 0 1 1 1 0 1 1 1 0 0 0 1 0 0 1 0 1 0 0 0 0 0 1 1 1 1 1 0 0 1 1 1 0 0 0 0 1 0 0 7.011837959289551
0 0 1 1 1 1 1 0 1 1 1 0 0 0 1 0 0 1 0 1 0 0 0 0 0 1 1 1 1 1 0 0 1 1 1 0 0 0 0 1 0 0 6.996726036071777
0 0 0 1 1 0 0 0 0 1 0 1 0 0 0 0 0 0 1 1 0 0 0 0 0 0 1 0 1 1 0 0 0 0 0 0 0 0 1 0 0 1 3.1226255893707275
0 0 0 1 1 0 0 0 0 1 0 1 0 0 0 0 0 1 1 1 0 0 0 0 0 0 1 0 1 1 0 0 0 0 0 0 0 0 1 0 0 1 3.471346616744995
0 0 0 1 1 0 0 0 0 1 0 1 1 0 0 0 0 1 1 1 0 0 0 0 0 0 1 0 1 1 0 0 0 0 0 0 0 0 1 0 0 1 3.845268487930298
0 0 0 1 1 0 0 0 0 1 0 1 1 0 0 0 0 1 1 1 0 0 0 0 0 1 1 0 1 1 0 0 0 0 0 0 0 0 1 0 0 1 4.178986549377441
0 0 0 1 1 0 0 0 0 1 0 1 1 0 0 0 0 1 0 1 0 0 0 0 0 1 1 0 1 1 0 0 0 0 0 0 0 0 1 0 0 1 4.466012477874756
0 0 0 1 1 0 0 0 0 1 0 1 1 1 0 0 0 1 0 1 0 0 0 0 0 1 1 0 1 1 0 0 0 0 0 0 0 0 1 0 0 1 4.689293384552002
0 0 1 1 1 0 0 0 0 1 0 1 1 1 0 0 0 1 0 1 0 0 0 0 0 1 1 0 1 1 0 0 0 0 0 0 0 0 1 0 0 1 4.894904613494873
0 0 1 1 1 0 0 0 0 1 0 1 1 1 0 0 0 1 0 1 0 0 0 0 0 1 1 0 1 1 0 0 0 0 1 0 0 0 1 0 0 1 5.193576812744141
0 0 1 1 1 0 0 0 0 1 0 0 1 1 0 0 0 1 0 1 0 0 0 0 0 1 1 0 1 1 0 0 0 0 1 0 0 0 1 0 0 1 5.383525848388672
0 0 1 1 1 0 0 0 0 1 0 0 1 1 0 0 0 1 0 1 0 0 0 0 0 1 1 0 1 1 0 0 0 0 1 0 0 0 1 0 1 1 5.508977890014648
0 0 1 1 1 0 0 0 0 1 0 0 1 1 0 1 0 1 0 1 0 0 0 0 0 1 1 0 1 1 0 0 0 0 1 0 0 0 1 0 1 1 5.672791481018066
0 0 1 1 1 0 0 0 0 1 0 0 1 1 1 1 0 1 0 1 0 0 0 0 0 1 1 0 1 1 0 0 0 0 1 0 0 0 1 0 1 1 5.8509321212768555
0 0 1 1 1 0 0 0 0 1 0 0 1 1 1 1 0 1 0 1 0 0 0 0 0 1 1 0 1 1 0 0 1 0 1 0 0 0 1 0 1 1 6.022473335266113
0 0 1 1 1 0 0 0 0 1 0 0 1 1 1 1 0 1 0 1 0 0 0 0 0 1 1 1 1 1 0 0 1 0 1 0 0 0 1 0 1 1 6.209526538848877
0 0 1 1 1 0 0 0 0 1 1 0 1 1 1 1 0 1 0 1 0 0 0 0 0 1 1 1 1 1 0 0 1 0 1 0 0 0 1 0 1 1 6.422173023223877
0 0 1 1 1 0 0 0 1 1 1 0 1 1 1 1 0 1 0 1 0 0 0 0 0 1 1 1 1 1 0 0 1 0 1 0 0 0 1 0 1 1 6.607215881347656
0 0 1 1 1 0 0 0 1 1 1 0 1 1 1 1 0 1 0 1 0 0 0 0 0 1 1 1 1 1 0 0 1 0 1 0 0 0 1 0 1 0 6.720832347869873
0 0 1 1 1 0 0 0 1 1 1 0 1 1 1 1 0 1 0 1 0 0 0 0 0 1 1 1 1 1 0 0 1 0 1 1 0 0 1 0 1 0 6.827908992767334
0 0 1 1 1 1 0 0 1 1 1 0 1 1 1 1 0 1 0 1 0 0 0 0 0 1 1 1 1 1 0 0 1 0 1 1 0 0 1 0 1 0 6.925134658813477
0 0 1 1 1 1 0 0 1 1 1 0 1 1 1 1 0 1 0 1 0 0 0 0 0 1 1 1 0 1 0 0 1 0 1 1 0 0 1 0 1 0 6.955560684204102
0 0 1 1 1 1 0 0 1 1 1 0 1 1 1 1 0 1 0 0 0 0 0 0 0 1 1 1 0 1 0 0 1 0 1 1 0 0 1 0 1 0 6.9936723709106445
0 0 1 0 1 1 0 0 1 1 1 0 1 1 1 1 0 1 0 0 0 0 0 0 0 1 1 1 0 1 0 0 1 0 1 1 0 0 1 0 1 0 7.027245044708252
0 1 1 0 1 1 0 0 1 1 1 0 1 1 1 1 0 1 0 0 0 0 0 0 0 1 1 1 0 1 0 0 1 0 1 1 0 0 1 0 1 0 7.027240753173828
