0 0 1 0 1 1 0 0 1 0 0 0 0 1 1 1 0 0 0 1 0 0 0 0 0 0 0 0 0 1 0 0 0 1 1 0 0 0 0 0 0 0 4.827350616455078
0 0 1 0 1 1 0 0 1 0 0 0 0 1 1 1 0 1 0 1 0 0 0 0 0 0 0 0 0 1 0 0 0 1 1 0 0 0 0 0 0 0 5.121669769287109
0 0 1 0 1 1 0 0 1 0 0 0 0 1 1 1 0 1 0 1 0 0 0 0 0 0 1 0 0 1 0 0 0 1 1 0 0 0 0 0 0 0 5.518324375152588
0 0 1 0 1 1 0 0 1 0 0 0 0 1 1 1 0 1 0 1 0 0 0 0 0 0 1 0 0 1 1 0 0 1 1 0 0 0 0 0 0 0 5.744134902954102
0 0 1 0 1 1 0 0 1 0 0 0 0 1 1 1 0 1 0 1 0 0 0 0 0 0 1 1 0 1 1 0 0 1 1 0 0 0 0 0 0 0 5.923652172088623
0 0 1 0 1 1 1 0 1 0 0 0 0 1 1 1 0 1 0 1 0 0 0 0 0 0 1 1 0 1 1 0 0 1 1 0 0 0 0 0 0 0 6.049537181854248
0 0 1 0 1 1 1 0 1 0 0 0 0 1 1 1 0 1 0 1 0 0 0 0 0 0 1 1 0 1 1 0 0 1 0 0 0 0 0 0 0 0 6.190814971923828
0 0 1 0 1 1 1 0 1 0 0 0 0 1 1 0 0 1 0 1 0 0 0 0 0 0 1 1 0 1 1 0 0 1 0 0 0 0 0 0 0 0 6.364223480224609
0 0 1 0 1 1 1 0 1 0 0 0 0 1 1 0 0 1 1 1 0 0 0 0 0 0 1 1 0 1 1 0 0 1 0 0 0 0 0 0 0 0 6.481190204620361
0 0 1 0 1 1 1 0 1 0 0 0 0 1 1 0 0 1 1 1 1 0 0 0 0 0 1 1 0 1 1 0 0 1 0 0 0 0 0 0 0 0 6.586890697479248
0 0 1 0 1 1 1 0 1 0 0 0 0 1 1 0 0 1 1 1 1 0 0 0 0 0 1 1 0 1 1 0 0 1 0 0 0 0 0 1 0 0 6.645251750946045
0 0 1 0 1 1 1 0 1 0 0 0 0 1 1 0 0 1 1 1 1 0 0 0 0 1 1 1 0 1 1 0 0 1 0 0 0 0 0 1 0 0 6.655829429626465
0 0 1 0 1 1 1 0 1 0 0 0 0 0 1 0 0 1 1 1 1 0 0 0 0 1 1 1 0 1 1 0 0 1 0 0 0 0 0 1 0 0 6.70001220703125
0 0 1 0 1 1 1 0 1 0 0 0 0 1 1 0 0 1 1 1 1 0 0 0 0 1 1 1 0 1 1 0 0 1 0 0 0 0 0 1 0 0 6.655829429626465
0 0 1 0 1 0 0 0 0 1 1 0 0 0 0 1 0 0 1 0 0 0 0 0 0 1 0 0 0 1 0 0 0 1 0 0 0 0 0 1 0 1 3.9023473262786865
0 0 1 0 1 0 0 0 0 1 1 0 0 0 0 1 0 0 1 0 0 0 0 0 0 1 0 0 0 1 0 0 1 1 0 0 0 0 0 1 0 1 4.325202465057373
0 0 1 0 1 0 0 0 0 1 1 0 0 0 0 1 0 0 0 0 0 0 0 0 0 1 0 0 0 1 0 0 1 1 0 0 0 0 0 1 0 1 4.682236671447754
0 0 1 0 1 0 0 0 0 1 1 0 0 0 0 1 0 0 0 0 0 0 0 0 0 1 0 0 0 1 0 0 1 1 0 0 0 0 0 1 0 0 5.081081867218018
0 0 1 0 1 0 0 0 0 1 1 0 0 0 0 1 0 0 0 1 0 0 0 0 0 1 0 0 0 1 0 0 1 1 0 0 0 0 0 1 0 0 5.311037540435791
0 0 1 0 1 0 0 0 0 1 1 0 0 0 0 1 0 1 0 1 0 0 0 0 0 1 0 0 0 1 0 0 1 1 0 0 0 0 0 1 0 0 5.546623706817627
0 0 1 0 1 0 1 0 0 1 1 0 0 0 0 1 0 1 0 1 0 0 0 0 0 1 0 0 0 1 0 0 1 1 0 0 0 0 0 1 0 0 5.775051116943359
0 0 1 0 1 0 1 0 0 1 1 0 0 0 1 1 0 1 0 1 0 0 0 0 0 1 0 0 0 1 0 0 1 1 0 0 0 0 0 1 0 0 5.799015045166016
0 0 1 0 1 0 1 0 0 1 1 0 0 0 1 1 0 1 0 1 0 0 0 0 0 1 0 0 0 1 1 0 1 1 0 0 0 0 0 1 0 0 6.00154972076416
0 0 1 0 1 1 1 0 0 1 1 0 0 0 1 1 0 1 0 1 0 0 0 0 0 1 0 0 0 1 1 0 1 1 0 0 0 0 0 1 0 0 6.009688377380371
0 0 1 0 1 1 1 0 0 1 1 0 0 0 1 1 0 1 0 1 0 0 0 0 0 0 0 0 0 1 1 0 1 1 0 0 0 0 0 1 0 0 6.060253620147705
0 0 0 0 1 1 1 0 0 1 1 0 0 0 1 1 0 1 0 1 0 0 0 0 0 0 0 0 0 1 1 0 1 1 0 0 0 0 0 1 0 0 6.092701435089111
0 0 0 0 1 1 1 0 0 1 1 0 0 0 1 1 0 1 0 1 0 0 0 0 0 0 0 0 1 1 1 0 1 1 0 0 0 0 0 1 0 0 6.094222068786621
0 0 0 0 1 1 1 0 0 1 1 0 0 0 1 1 0 1 0 1 0 0 0 0 0 0 0 0 0 1 1 0 1 1 0 0 0 0 0 1 0 0 6.092701435089111
0 0 0 0 0 1 1 0 1 0 0 0 0 0 0 0 1 1 0 0 1 1 0 0 0 0 0 0 1 0 1 0 0 0 0 1 0 0 0 1 0 0 3.3552169799804688
0 0 0 0 0 1 1 0 1 0 0 0 0 0 0 0 0 1 0 0 1 1 0 0 0 0 0 0 1 0 1 0 0 0 0 1 0 0 0 1 0 0 3.7376668453216553
0 0 0 0 0 1 1 0 1 0 0 0 0 0 0 0 0 1 0 0 1 1 0 0 0 0 1 0 1 0 1 0 0 0 0 1 0 0 0 1 0 0 4.276878356933594
0 0 0 0 0 1 1 0 1 0 0 0 0 0 0 0 0 1 0 0 1 1 0 0 0 0 1 0 1 1 1 0 0 0 0 1 0 0 0 1 0 0 4.636887073516846
0 0 0 0 0 1 1 0 1 0 0 0 0 0 0 0 0 1 0 0 1 1 0 0 0 0 1 0 1 1 1 0 0 1 0 1 0 0 0 1 0 0 5.039127349853516
0 0 0 0 0 1 1 0 1 0 0 0 0 0 0 0 0 1 0 0 1 1 0 0 0 0 1 0 1 1 1 0 0 1 0 0 0 0 0 1 0 0 5.45841646194458
0 0 0 0 0 1 1 0 1 0 0 0 0 0 0 0 0 1 1 0 1 1 0 0 0 0 1 0 1 1 1 0 0 1 0 0 0 0 0 1 0 0 5.744361400604248
0 0 0 0 1 1 1 0 1 0 0 0 0 0 0 0 0 1 1 0 1 1 0 0 0 0 1 0 1 1 1 0 0 1 0 0 0 0 0 1 0 0 6.019176959991455
0 0 0 0 1 1 1 0 1 0 0 0 0 0 0 0 0 1 1 0 1 1 0 0 0 0 1 0 1 1 0 0 0 1 0 0 0 0 0 1 0 0 6.165556907653809
0 0 0 0 1 1 1 0 1 0 0 0 0 1 0 0 0 1 1 0 1 1 0 0 0 0 1 0 1 1 0 0 0 1 0 0 0 0 0 1 0 0 6.416561126708984
0 0 0 0 1 1 1 0 1 0 0 0 0 1 1 0 0 1 1 0 1 1 0 0 0 0 1 0 1 1 0 0 0 1 0 0 0 0 0 1 0 0 6.570910930633545
0 0 0 0 1 1 1 0 1 0 0 0 0 1 1 0 0 1 1 1 1 1 0 0 0 0 1 0 1 1 0 0 0 1 0 0 0 0 0 1 0 0 6.577686786651611
0 0 1 0 1 1 1 0 1 0 0 0 0 1 1 0 0 1 1 1 1 1 0 0 0 0 1 0 1 1 0 0 0 1 0 0 0 0 0 1 0 0 6.702584743499756
0 0 1 0 1 1 1 0 1 0 0 0 0 1 1 0 0 1 1 1 1 1 0 0 0 1 1 0 1 1 0 0 0 1 0 0 0 0 0 1 0 0 6.8853678703308105
0 0 1 0 1 1 1 0 1 0 0 0 0 1 1 0 0 1 1 1 0 1 0 0 0 1 1 0 1 1 0 0 0 1 0 0 0 0 0 1 0 0 6.864282608032227
0 0 0 0 1 0 1 0 0 0 0 0 0 0 1 1 0 0 1 1 0 0 0 0 0 1 1 0 0 1 0 1 0 0 0 0 0 0 0 0 0 1 3.693404197692871
0 0 0 0 1 0 1 0 0 0 0 0 0 0 1 1 0 0 1 1 0 0 0 0 0 1 1 0 0 1 0 1 0 1 0 0 0 0 0 0 0 1 4.081523418426514
0 0 0 0 1 1 1 0 0 0 0 0 0 0 1 1 0 0 1 1 0 0 0 0 0 1 1 0 0 1 0 1 0 1 0 0 0 0 0 0 0 1 4.477659702301025
0 0 0 0 1 1 1 0 0 0 0 0 0 0 1 1 0 0 1 1 0 0 0 0 0 1 1 0 0 1 0 1 0 1 0 0 0 0 0 0 0 0 4.765383720397949
0 0 0 0 1 1 1 0 0 0 0 0 0 0 1 1 0 0 1 1 0 0 0 0 0 1 1 0 0 1 0 0 0 1 0 0 0 0 0 0 0 0 5.312915325164795
0 0 0 0 1 1 1 0 0 0 0 0 0 0 1 1 0 1 1 1 0 0 0 0 0 1 1 0 0 1 0 0 0 1 0 0 0 0 0 0 0 0 5.801746368408203
0 0 0 0 1 1 1 0 0 0 0 0 0 0 1 0 0 1 1 1 0 0 0 0 0 1 1 0 0 1 0 0 0 1 0 0 0 0 0 0 0 0 6.015900611877441
0 0 0 0 1 1 1 0 1 0 0 0 0 0 1 0 0 1 1 1 0 0 0 0 0 1 1 0 0 1 0 0 0 1 0 0 0 0 0 0 0 0 6.193037509918213
0 0 0 0 1 1 1 0 1 0 0 0 0 0 1 0 0 1 1 1 0 0 0 0 0 1 1 0 1 1 0 0 0 1 0 0 0 0 0 0 0 0 6.509298801422119
0 0 1 0 1 1 1 0 1 0 0 0 0 0 1 0 0 1 1 1 0 0 0 0 0 1 1 0 1 1 0 0 0 1 0 0 0 0 0 0 0 0 6.570918560028076
0 0 1 0 1 1 1 0 1 0 0 0 0 1 1 0 0 1 1 1 0 0 0 0 0 1 1 0 1 1 0 0 0 1 0 0 0 0 0 0 0 0 6.808337688446045
0 0 1 0 1 1 1 0 1 0 0 0 0 1 1 0 0 1 1 1 0 0 0 0 0 1 1 0 1 1 0 0 0 1 0 0 0 0 0 1 0 0 6.829856872558594
0 0 1 0 1 1 1 0 1 0 0 0 0 1 1 0 0 1 1 1 0 1 0 0 0 1 1 0 1 1 0 0 0 1 0 0 0 0 0 1 0 0 6.864282608032227
0 0 1 0 1 1 1 0 1 0 0 0 0 1 1 0 0 1 1 1 1 1 0 0 0 1 1 0 1 1 0 0 0 1 0 0 0 0 0 1 0 0 6.8853678703308105
0 0 1 0 1 1 1 0 1 0 0 0 0 1 1 0 0 1 1 1 0 1 0 0 0 1 1 0 1 1 0 0 0 1 0 0 0 0 0 1 0 0 6.864282608032227
0 0 0 0 0 1 0 0 1 1 0 0 0 1 0 0 1 1 0 0 0 0 0 0 1 0 0 0 1 1 0 0 0 0 1 0 0 0 0 1 0 0 3.8533434867858887
0 0 0 0 0 1 0 0 1 1 0 0 0 1 0 0 1 1 0 0 0 0 0 0 1 0 0 0 1 1 0 0 0 1 1 0 0 0 0 1 0 0 4.273431777954102
0 0 0 0 0 1 1 0 1 1 0 0 0 1 0 0 1 1 0 0 0 0 0 0 1 0 0 0 1 1 0 0 0 1 1 0 0 0 0 1 0 0 4.695984840393066
0 0 0 0 0 1 1 0 1 1 0 0 0 1 0 0 1 1 0 0 0 0 0 0 1 0 0 0 1 1 0 0 0 1 0 0 0 0 0 1 0 0 4.933332443237305
0 0 0 0 0 1 1 0 1 1 0 0 0 1 0 0 0 1 0 0 0 0 0 0 1 0 0 0 1 1 0 0 0 1 0 0 0 0 0 1 0 0 5.161448001861572
0 0 0 0 0 1 1 0 1 1 0 0 0 1 0 0 0 1 0 1 0 0 0 0 1 0 0 0 1 1 0 0 0 1 0 0 0 0 0 1 0 0 5.360443115234375
0 1 0 0 0 1 1 0 1 1 0 0 0 1 0 0 0 1 0 1 0 0 0 0 1 0 0 0 1 1 0 0 0 1 0 0 0 0 0 1 0 0 5.665833950042725
0 1 0 0 0 1 1 0 1 1 0 0 0 1 1 0 0 1 0 1 0 0 0 0 1 0 0 0 1 1 0 0 0 1 0 0 0 0 0 1 0 0 5.835655212402344
0 1 0 0 0 1 1 0 1 1 0 0 0 1 1 0 0 1 0 1 0 1 0 0 1 0 0 0 1 1 0 0 0 1 0 0 0 0 0 1 0 0 5.959900856018066
0 1 0 0 0 1 1 0 1 1 0 0 0 1 1 0 0 1 0 1 0 1 0 0 0 0 0 0 1 1 0 0 0 1 0 0 0 0 0 1 0 0 6.035294532775879
0 1 0 0 0 1 1 0 1 1 0 0 0 1 1 0 0 1 0 1 0 1 0 0 0 0 1 0 1 1 0 0 0 1 0 0 0 0 0 1 0 0 6.099732875823975
0 1 0 0 1 1 1 0 1 1 0 0 0 1 1 0 0 1 0 1 0 1 0 0 0 0 1 0 1 1 0 0 0 1 0 0 0 0 0 1 0 0 6.210656642913818
0 1 0 0 1 1 1 0 1 1 0 0 1 1 1 0 0 1 0 1 0 1 0 0 0 0 1 0 1 1 0 0 0 1 0 0 0 0 0 1 0 0 6.19413423538208
0 1 0 0 1 1 0 0 1 0 0 0 0 1 1 1 0 0 1 0 0 0 0 0 0 0 0 0 0 1 0 0 0 1 1 0 0 0 0 0 0 0 4.695376873016357
0 1 0 0 1 1 0 0 1 0 0 0 0 1 1 0 0 0 1 0 0 0 0 0 0 0 0 0 0 1 0 0 0 1 1 0 0 0 0 0 0 0 5.032402515411377
0 1 0 0 1 1 0 0 1 0 0 0 0 1 1 0 0 1 1 0 0 0 0 0 0 0 0 0 0 1 0 0 0 1 1 0 0 0 0 0 0 0 5.315208911895752
0 1 0 0 1 1 1 0 1 0 0 0 0 1 1 0 0 1 1 0 0 0 0 0 0 0 0 0 0 1 0 0 0 1 1 0 0 0 0 0 0 0 5.572566986083984
0 1 0 0 1 1 1 0 1 0 0 0 0 1 1 0 0 1 1 1 0 0 0 0 0 0 0 0 0 1 0 0 0 1 1 0 0 0 0 0 0 0 5.824771404266357
0 1 0 0 1 1 1 0 1 0 0 0 0 1 1 0 0 1 1 1 0 0 0 0 0 0 1 0 0 1 0 0 0 1 1 0 0 0 0 0 0 0 6.129940032958984
0 1 0 0 1 1 1 0 1 0 0 0 0 1 1 0 0 1 1 1 0 0 0 0 0 0 1 0 0 1 0 0 0 1 0 0 0 0 0 0 0 0 6.411039352416992
0 1 0 0 1 1 1 0 1 0 0 0 0 1 1 0 0 1 1 1 0 0 0 0 0 0 1 0 0 1 1 0 0 1 0 0 0 0 0 0 0 0 6.4405694007873535
0 0 0 0 1 1 1 0 1 0 0 0 0 1 1 0 0 1 1 1 0 0 0 0 0 0 1 0 0 1 1 0 0 1 0 0 0 0 0 0 0 0 6.4498443603515625
0 0 0 0 1 1 1 0 1 0 0 0 0 1 1 0 0 1 1 1 0 0 0 0 0 0 1 0 1 1 1 0 0 1 0 0 0 0 0 0 0 0 6.544585227966309
0 0 0 0 1 1 1 0 1 0 0 0 0 1 1 0 0 1 1 1 0 0 0 0 0 0 1 0 1 1 0 0 0 1 0 0 0 0 0 0 0 0 6.591113567352295
0 0 1 0 1 1 1 0 1 0 0 0 0 1 1 0 0 1 1 1 0 0 0 0 0 0 1 0 1 1 0 0 0 1 0 0 0 0 0 0 0 0 6.615965843200684
0 0 1 0 1 1 1 0 1 0 0 0 0 1 1 0 0 1 1 1 0 0 0 0 0 1 1 0 1 1 0 0 0 1 0 0 0 0 0 0 0 0 6.808337688446045
0 0 1 0 1 1 1 0 1 0 0 0 0 1 1 0 0 1 1 1 0 0 0 0 0 1 1 0 1 1 0 0 0 1 0 0 0 0 0 1 0 0 6.829856872558594
0 0 1 0 1 1 1 0 1 0 0 0 0 1 1 0 0 1 1 1 0 1 0 0 0 1 1 0 1 1 0 0 0 1 0 0 0 0 0 1 0 0 6.864282608032227
0 0 1 0 1 1 1 0 1 0 0 0 0 1 1 0 0 1 1 1 1 1 0 0 0 1 1 0 1 1 0 0 0 1 0 0 0 0 0 1 0 0 6.8853678703308105
0 0 1 0 1 1 1 0 1 0 0 0 0 1 1 0 0 1 1 1 0 1 0 0 0 1 1 0 1 1 0 0 0 1 0 0 0 0 0 1 0 0 6.864282608032227
0 1 0 0 1 0 0 0 0 1 1 0 0 0 0 1 0 1 0 0 0 0 0 0 0 0 0 0 1 1 0 0 1 1 1 0 0 0 0 0 0 0 4.724711894989014
0 1 0 0 1 0 0 0 0 1 1 0 0 0 0 1 0 1 0 0 0 0 0 0 0 0 0 0 1 1 0 0 1 1 1 0 0 0 0 1 0 0 5.119892120361328
0 1 0 0 1 0 0 0 0 1 1 0 0 0 0 1 0 1 0 1 0 0 0 0 0 0 0 0 1 1 0 0 1 1 1 0 0 0 0 1 0 0 5.325139999389648
0 1 0 0 1 0 1 0 0 1 1 0 0 0 0 1 0 1 0 1 0 0 0 0 0 0 0 0 1 1 0 0 1 1 1 0 0 0 0 1 0 0 5.696357250213623
0 1 0 0 1 0 1 0 1 1 1 0 0 0 0 1 0 1 0 1 0 0 0 0 0 0 0 0 1 1 0 0 1 1 1 0 0 0 0 1 0 0 5.801975250244141
0 0 0 0 1 0 1 0 1 1 1 0 0 0 0 1 0 1 0 1 0 0 0 0 0 0 0 0 1 1 0 0 1 1 1 0 0 0 0 1 0 0 5.900171279907227
0 0 0 0 1 0 1 0 1 1 1 0 0 0 0 1 0 0 0 1 0 0 0 0 0 0 0 0 1 1 0 0 1 1 1 0 0 0 0 1 0 0 5.872600555419922
0 0 0 0 1 1 0 0 1 0 0 0 0 0 0 1 1 1 1 0 0 0 0 0 0 0 1 0 0 0 0 0 1 1 1 0 0 0 0 0 0 0 3.6556882858276367
0 0 0 0 1 1 0 0 1 0 0 0 0 0 0 1 0 1 1 0 0 0 0 0 0 0 1 0 0 0 0 0 1 1 1 0 0 0 0 0 0 0 4.221063613891602
0 0 0 0 1 1 0 0 1 0 0 0 0 0 0 1 0 1 1 0 0 0 0 0 0 0 1 0 0 0 0 0 1 1 1 0 0 0 0 1 0 0 4.625499725341797
0 0 0 0 1 1 1 0 1 0 0 0 0 0 0 1 0 1 1 0 0 0 0 0 0 0 1 0 0 0 0 0 1 1 1 0 0 0 0 1 0 0 5.042397975921631
0 0 0 0 1 1 1 0 1 0 0 0 0 0 0 1 0 1 1 0 0 0 0 0 0 0 1 0 0 0 0 0 0 1 1 0 0 0 0 1 0 0 5.405025482177734
0 0 0 0 1 1 1 0 1 0 0 0 0 0 0 0 0 1 1 0 0 0 0 0 0 0 1 0 0 0 0 0 0 1 1 0 0 0 0 1 0 0 5.897190093994141
0 0 0 0 1 1 1 0 1 0 0 0 0 0 0 0 0 1 1 0 1 0 0 0 0 0 1 0 0 0 0 0 0 1 1 0 0 0 0 1 0 0 6.205473899841309
0 0 0 0 1 1 1 0 1 0 0 0 0 0 0 0 0 1 1 0 1 0 0 0 0 0 1 0 0 1 0 0 0 1 1 0 0 0 0 1 0 0 6.263976097106934
0 0 0 0 1 1 1 0 1 0 0 0 0 0 0 0 0 1 1 0 1 0 0 0 0 0 1 0 1 1 0 0 0 1 1 0 0 0 0 1 0 0 6.339442253112793
0 0 0 0 1 1 1 0 1 0 0 0 0 0 0 0 0 1 1 0 1 0 0 0 0 0 1 1 1 1 0 0 0 1 1 0 0 0 0 1 0 0 6.448569297790527
0 0 0 0 1 1 1 0 1 0 0 0 0 0 0 0 0 1 1 0 1 0 0 0 0 1 1 1 1 1 0 0 0 1 1 0 0 0 0 1 0 0 6.401368141174316
0 1 0 0 1 0 0 0 0 1 1 0 0 0 0 1 0 1 1 0 0 0 0 0 0 1 0 0 0 1 0 0 0 1 0 0 0 0 0 0 0 1 3.657895803451538
0 1 0 0 1 0 0 0 0 1 1 0 0 0 0 1 0 1 0 0 0 0 0 0 0 1 0 0 0 1 0 0 0 1 0 0 0 0 0 0 0 1 4.093604564666748
0 1 0 0 1 0 0 0 0 1 1 0 0 0 0 1 0 1 0 0 0 0 0 0 0 1 0 0 0 1 0 0 1 1 0 0 0 0 0 0 0 1 4.638101100921631
0 1 0 0 1 0 0 0 0 1 1 0 0 0 0 1 0 1 0 1 0 0 0 0 0 1 0 0 0 1 0 0 1 1 0 0 0 0 0 0 0 1 4.988988876342773
0 1 0 0 1 0 1 0 0 1 1 0 0 0 0 1 0 1 0 1 0 0 0 0 0 1 0 0 0 1 0 0 1 1 0 0 0 0 0 0 0 1 5.271019458770752
0 0 0 0 1 0 1 0 0 1 1 0 0 0 0 1 0 1 0 1 0 0 0 0 0 1 0 0 0 1 0 0 1 1 0 0 0 0 0 0 0 1 5.496687889099121
0 0 0 0 1 0 1 0 0 1 1 0 0 0 0 1 0 1 0 1 0 0 0 0 0 1 0 0 0 1 0 0 1 1 0 0 0 0 0 0 0 0 5.598880767822266
0 0 0 0 1 0 1 0 0 1 1 0 0 0 1 1 0 1 0 1 0 0 0 0 0 1 0 0 0 1 0 0 1 1 0 0 0 0 0 0 0 0 5.7607831954956055
0 0 0 0 1 0 1 0 0 1 1 0 0 0 1 1 0 1 0 1 0 0 0 0 0 1 0 0 0 1 1 0 1 1 0 0 0 0 0 0 0 0 5.823217391967773
0 0 0 0 1 0 1 0 0 1 1 0 0 0 1 1 0 1 0 1 0 0 0 0 0 1 0 0 0 1 1 0 1 1 0 0 0 0 0 1 0 0 5.950873374938965
0 0 0 0 1 0 1 0 0 1 1 0 0 0 1 1 0 1 0 1 0 0 0 0 0 0 0 0 0 1 1 0 1 1 0 0 0 0 0 1 0 0 6.059250354766846
0 0 0 0 1 1 1 0 0 1 1 0 0 0 1 1 0 1 0 1 0 0 0 0 0 0 0 0 0 1 1 0 1 1 0 0 0 0 0 1 0 0 6.092701435089111
0 0 0 0 1 1 1 0 0 1 1 0 0 0 1 1 0 1 0 1 0 0 0 0 0 0 0 0 1 1 1 0 1 1 0 0 0 0 0 1 0 0 6.094222068786621
0 0 0 0 1 1 1 0 0 1 1 0 0 0 1 1 0 1 0 1 0 0 0 0 0 0 0 0 0 1 1 0 1 1 0 0 0 0 0 1 0 0 6.092701435089111
0 1 0 1 0 1 0 0 0 1 0 0 0 0 0 1 0 1 0 0 0 1 0 0 0 0 0 0 0 0 0 0 1 0 1 0 0 1 0 1 0 0 3.324462413787842
0 1 0 1 0 1 0 0 0 1 0 0 0 0 0 1 0 1 0 0 0 1 0 0 0 0 0 0 0 0 0 0 1 1 1 0 0 1 0 1 0 0 3.59820556640625
0 1 0 1 0 1 0 0 0 1 0 0 0 0 0 1 0 1 0 0 0 1 0 0 0 0 0 0 1 0 0 0 1 1 1 0 0 1 0 1 0 0 3.9933724403381348
0 1 0 1 0 1 0 0 0 1 0 0 0 0 0 1 0 1 0 0 0 1 0 0 0 0 0 0 1 0 0 0 1 1 1 0 0 0 0 1 0 0 4.36843729019165
0 1 0 1 0 1 1 0 0 1 0 0 0 0 0 1 0 1 0 0 0 1 0 0 0 0 0 0 1 0 0 0 1 1 1 0 0 0 0 1 0 0 4.7240400314331055
0 1 0 1 0 1 1 0 0 1 0 0 0 0 0 1 0 1 0 1 0 1 0 0 0 0 0 0 1 0 0 0 1 1 1 0 0 0 0 1 0 0 5.10164213180542
0 1 0 1 0 1 1 0 0 1 0 0 0 0 1 1 0 1 0 1 0 1 0 0 0 0 0 0 1 0 0 0 1 1 1 0 0 0 0 1 0 0 5.378050327301025
0 1 0 1 0 1 1 0 0 1 0 0 0 0 1 1 0 1 0 1 0 1 0 0 0 0 0 0 1 1 0 0 1 1 1 0 0 0 0 1 0 0 5.562671184539795
0 1 0 1 0 1 1 0 0 1 0 0 0 0 1 1 0 1 0 1 0 1 0 0 0 0 0 0 1 1 0 0 1 1 0 0 0 0 0 1 0 0 5.769908428192139
0 1 0 1 1 1 1 0 0 1 0 0 0 0 1 1 0 1 0 1 0 1 0 0 0 0 0 0 1 1 0 0 1 1 0 0 0 0 0 1 0 0 5.898336887359619
0 1 0 1 1 1 1 0 0 1 0 0 0 1 1 1 0 1 0 1 0 1 0 0 0 0 0 0 1 1 0 0 1 1 0 0 0 0 0 1 0 0 5.96071720123291
1 1 0 1 1 1 1 0 0 1 0 0 0 1 1 1 0 1 0 1 0 1 0 0 0 0 0 0 1 1 0 0 1 1 0 0 0 0 0 1 0 0 6.001972675323486
1 1 0 0 1 1 1 0 0 1 0 0 0 1 1 1 0 1 0 1 0 1 0 0 0 0 0 0 1 1 0 0 1 1 0 0 0 0 0 1 0 0 6.002033710479736
1 1 0 0 1 1 1 0 0 1 1 0 0 1 1 1 0 1 0 1 0 1 0 0 0 0 0 0 1 1 0 0 1 1 0 0 0 0 0 1 0 0 6.067811012268066
0 1 0 0 1 1 1 0 0 1 1 0 0 1 1 1 0 1 0 1 0 1 0 0 0 0 0 0 1 1 0 0 1 1 0 0 0 0 0 1 0 0 6.039787769317627
0 0 0 0 1 1 0 0 1 0 0 0 0 1 1 0 0 0 1 0 0 0 0 0 1 0 1 0 0 1 0 0 0 1 1 0 0 0 0 0 0 0 4.765644073486328
0 0 0 0 1 1 0 0 1 0 0 0 0 1 1 0 0 1 1 0 0 0 0 0 1 0 1 0 0 1 0 0 0 1 1 0 0 0 0 0 0 0 5.193702220916748
0 0 0 0 1 1 0 0 1 0 0 0 0 1 1 0 0 1 1 0 0 0 0 0 0 0 1 0 0 1 0 0 0 1 1 0 0 0 0 0 0 0 5.595605850219727
0 0 0 0 1 1 0 0 1 0 0 0 0 1 1 0 0 1 1 0 0 0 0 0 0 0 1 0 0 1 0 0 0 1 0 0 0 0 0 0 0 0 5.766679763793945
0 0 0 0 1 1 0 0 1 0 0 0 0 1 1 0 0 1 1 1 0 0 0 0 0 0 1 0 0 1 0 0 0 1 0 0 0 0 0 0 0 0 6.110972881317139
0 0 0 0 1 1 1 0 1 0 0 0 0 1 1 0 0 1 1 1 0 0 0 0 0 0 1 0 0 1 0 0 0 1 0 0 0 0 0 0 0 0 6.3294854164123535
0 0 0 0 1 1 1 0 1 0 0 0 0 1 1 0 0 1 1 1 0 0 0 0 0 0 1 0 1 1 0 0 0 1 0 0 0 0 0 0 0 0 6.591113567352295
0 0 1 0 1 1 1 0 1 0 0 0 0 1 1 0 0 1 1 1 0 0 0 0 0 0 1 0 1 1 0 0 0 1 0 0 0 0 0 0 0 0 6.615965843200684
0 0 1 0 1 1 1 0 1 0 0 0 0 1 1 0 0 1 1 1 0 0 0 0 0 1 1 0 1 1 0 0 0 1 0 0 0 0 0 0 0 0 6.808337688446045
0 0 1 0 1 1 1 0 1 0 0 0 0 1 1 0 0 1 1 1 0 0 0 0 0 1 1 0 1 1 0 0 0 1 0 0 0 0 0 1 0 0 6.829856872558594
0 0 1 0 1 1 1 0 1 0 0 0 0 1 1 0 0 1 1 1 0 1 0 0 0 1 1 0 1 1 0 0 0 1 0 0 0 0 0 1 0 0 6.864282608032227
0 0 1 0 1 1 1 0 1 0 0 0 0 1 1 0 0 1 1 1 1 1 0 0 0 1 1 0 1 1 0 0 0 1 0 0 0 0 0 1 0 0 6.8853678703308105
0 0 1 0 1 1 1 0 1 0 0 0 0 1 1 0 0 1 1 1 0 1 0 0 0 1 1 0 1 1 0 0 0 1 0 0 0 0 0 1 0 0 6.864282608032227
0 0 1 0 1 0 0 0 0 0 1 0 0 0 1 1 0 0 0 1 1 0 0 0 0 0 0 0 0 1 0 1 1 1 0 0 0 0 0 0 0 0 4.241374492645264
0 0 1 0 1 0 0 0 0 0 1 0 0 0 1 1 0 0 0 1 1 0 0 0 0 0 0 0 0 1 0 0 1 1 0 0 0 0 0 0 0 0 4.753242015838623
0 0 1 0 1 0 0 0 0 1 1 0 0 0 1 1 0 0 0 1 1 0 0 0 0 0 0 0 0 1 0 0 1 1 0 0 0 0 0 0 0 0 5.086613178253174
0 0 1 0 1 0 0 0 0 1 1 0 0 0 1 1 0 0 0 1 1 0 0 0 0 0 0 0 0 1 0 0 1 1 0 0 0 0 0 1 0 0 5.376736640930176
0 0 1 0 1 0 1 0 0 1 1 0 0 0 1 1 0 0 0 1 1 0 0 0 0 0 0 0 0 1 0 0 1 1 0 0 0 0 0 1 0 0 5.6821746826171875
0 0 0 0 1 0 1 0 0 1 1 0 0 0 1 1 0 0 0 1 1 0 0 0 0 0 0 0 0 1 0 0 1 1 0 0 0 0 0 1 0 0 5.780185699462891
0 0 0 0 1 0 1 0 0 1 1 0 0 0 1 1 0 1 0 1 1 0 0 0 0 0 0 0 0 1 0 0 1 1 0 0 0 0 0 1 0 0 5.829725742340088
0 0 0 0 1 0 1 0 0 1 1 0 0 0 1 1 0 1 0 1 1 0 0 0 0 0 0 0 0 1 1 0 1 1 0 0 0 0 0 1 0 0 5.935977935791016
0 0 0 0 1 0 1 0 0 1 1 0 0 0 1 1 0 1 0 1 0 0 0 0 0 0 0 0 0 1 1 0 1 1 0 0 0 0 0 1 0 0 6.059250354766846
0 0 0 0 1 1 1 0 0 1 1 0 0 0 1 1 0 1 0 1 0 0 0 0 0 0 0 0 0 1 1 0 1 1 0 0 0 0 0 1 0 0 6.092701435089111
0 0 0 0 1 1 1 0 0 1 1 0 0 0 1 1 0 1 0 1 0 0 0 0 0 0 0 0 1 1 1 0 1 1 0 0 0 0 0 1 0 0 6.094222068786621
0 0 0 0 1 1 1 0 0 1 1 0 0 0 1 1 0 1 0 1 0 0 0 0 0 0 0 0 0 1 1 0 1 1 0 0 0 0 0 1 0 0 6.092701435089111
0 0 0 1 0 1 0 0 1 1 0 0 0 1 0 0 0 0 0 0 0 0 0 0 1 1 0 0 0 1 0 0 0 0 1 0 0 0 0 1 0 1 3.327272653579712
0 0 0 1 0 1 0 0 1 1 0 0 0 1 0 0 0 0 0 0 0 0 0 0 1 1 0 0 1 1 0 0 0 0 1 0 0 0 0 1 0 1 3.9737141132354736
0 0 0 1 0 1 0 0 1 1 0 0 0 1 0 0 0 0 0 0 0 0 0 0 1 1 0 0 1 1 0 0 0 1 1 0 0 0 0 1 0 1 4.425761699676514
0 0 0 0 0 1 0 0 1 1 0 0 0 1 0 0 0 0 0 0 0 0 0 0 1 1 0 0 1 1 0 0 0 1 1 0 0 0 0 1 0 1 4.667034149169922
0 0 0 0 0 1 1 0 1 1 0 0 0 1 0 0 0 0 0 0 0 0 0 0 1 1 0 0 1 1 0 0 0 1 1 0 0 0 0 1 0 1 4.801540374755859
1 0 0 0 0 1 1 0 1 1 0 0 0 1 0 0 0 0 0 0 0 0 0 0 1 1 0 0 1 1 0 0 0 1 1 0 0 0 0 1 0 1 5.089084625244141
1 0 0 0 0 1 1 0 1 1 0 0 0 1 0 0 0 0 0 0 0 0 0 0 0 1 0 0 1 1 0 0 0 1 1 0 0 0 0 1 0 1 5.216640472412109
1 0 0 0 0 1 1 0 1 1 0 0 0 0 0 0 0 0 0 0 0 0 0 0 0 1 0 0 1 1 0 0 0 1 1 0 0 0 0 1 0 1 5.344635486602783
1 1 0 0 0 1 1 0 1 1 0 0 0 0 0 0 0 0 0 0 0 0 0 0 0 1 0 0 1 1 0 0 0 1 1 0 0 0 0 1 0 1 5.520065784454346
1 1 0 0 0 1 1 0 1 1 0 0 0 0 0 0 0 0 0 1 0 0 0 0 0 1 0 0 1 1 0 0 0 1 1 0 0 0 0 1 0 1 5.553627014160156
1 1 0 0 0 1 1 0 1 1 0 0 0 0 0 0 0 0 0 1 0 0 0 0 0 1 0 0 1 1 0 0 0 1 0 0 0 0 0 1 0 1 5.804569721221924
1 1 0 0 0 1 1 0 1 1 0 0 0 0 0 0 0 0 0 1 0 0 0 0 0 1 0 0 1 1 0 0 1 1 0 0 0 0 0 1 0 1 5.823326587677002
1 1 0 0 0 1 1 0 1 1 0 0 0 0 0 1 0 0 0 1 0 0 0 0 0 1 0 0 1 1 0 0 1 1 0 0 0 0 0 1 0 1 5.856536865234375
1 1 0 0 0 1 1 0 1 1 0 0 0 0 0 0 0 0 0 1 0 0 0 0 0 1 0 0 1 1 0 0 1 1 0 0 0 0 0 1 0 1 5.823326587677002
0 0 1 1 1 0 0 0 0 0 0 0 0 1 0 0 0 0 1 0 1 0 0 0 0 1 0 1 0 1 0 0 0 0 0 0 0 0 1 0 0 1 3.0958592891693115
0 0 1 1 1 0 0 0 0 0 0 0 0 1 0 0 0 0 1 0 1 0 0 0 0 1 0 1 0 0 0 0 0 0 0 0 0 0 1 0 0 1 3.4134397506713867
0 0 1 1 1 0 0 0 0 0 0 0 0 1 0 0 0 0 1 0 1 0 0 0 0 1 0 1 0 0 0 0 0 0 0 1 0 0 1 0 0 1 3.6422836780548096
0 0 1 1 1 0 0 0 0 0 0 0 0 1 0 0 0 0 1 0 1 0 0 0 0 1 0 0 0 0 0 0 0 0 0 1 0 0 1 0 0 1 3.8949131965637207
0 0 1 1 1 0 0 0 0 0 0 0 0 1 0 0 0 0 1 0 1 0 0 0 0 1 0 0 0 0 0 0 0 0 0 1 0 0 1 1 0 1 4.068607330322266
0 0 1 1 1 0 0 1 0 0 0 0 0 1 0 0 0 0 1 0 1 0 0 0 0 1 0 0 0 0 0 0 0 0 0 1 0 0 1 1 0 1 4.370779037475586
0 0 1 1 1 0 0 1 0 0 0 0 0 1 0 0 0 0 1 0 1 0 1 0 0 1 0 0 0 0 0 0 0 0 0 1 0 0 1 1 0 1 4.717626094818115
0 0 1 1 1 0 0 1 0 0 0 0 0 0 0 0 0 0 1 0 1 0 1 0 0 1 0 0 0 0 0 0 0 0 0 1 0 0 1 1 0 1 4.908317565917969
0 0 1 1 1 0 0 1 0 0 0 0 0 0 0 0 0 0 1 0 1 0 1 0 0 1 0 0 0 0 0 0 0 0 0 1 0 0 0 1 0 1 5.059807777404785
0 0 1 1 1 0 0 1 0 0 0 0 0 0 0 0 0 0 1 0 1 0 1 0 0 1 0 0 0 0 0 0 0 0 0 1 0 0 0 1 0 0 5.312461853027344
0 0 1 1 1 0 0 1 0 0 0 0 0 0 0 0 0 0 1 0 1 0 1 0 0 1 0 0 0 0 0 0 0 0 1 1 0 0 0 1 0 0 5.403637409210205
0 0 1 1 1 0 0 1 0 0 0 0 0 0 0 0 0 0 1 0 1 0 1 0 1 1 0 0 0 0 0 0 0 0 1 1 0 0 0 1 0 0 5.591723918914795
0 0 1 1 1 0 0 1 0 0 0 1 0 0 0 0 0 0 1 0 1 0 1 0 1 1 0 0 0 0 0 0 0 0 1 1 0 0 0 1 0 0 5.8134965896606445
0 0 1 1 1 0 0 1 0 0 0 1 0 0 0 0 0 0 1 0 1 0 1 1 1 1 0 0 0 0 0 0 0 0 1 1 0 0 0 1 0 0 5.865180492401123
0 0 1 1 1 0 0 1 0 0 0 1 0 0 0 0 0 1 1 0 1 0 1 1 1 1 0 0 0 0 0 0 0 0 1 1 0 0 0 1 0 0 5.924529552459717
0 0 1 1 1 0 0 1 0 0 0 1 0 0 0 0 0 1 1 0 1 0 1 1 1 1 0 0 0 0 0 0 0 1 1 1 0 0 0 1 0 0 6.074657917022705
0 0 1 1 1 0 0 1 0 0 0 1 0 0 0 0 0 1 1 0 1 0 1 1 1 1 1 0 0 0 0 0 0 1 1 1 0 0 0 1 0 0 6.167701721191406
0 0 1 1 1 0 0 1 0 0 0 1 0 0 0 0 0 1 1 0 1 0 1 1 1 1 1 0 0 0 1 0 0 1 1 1 0 0 0 1 0 0 6.268915176391602
0 0 1 1 1 0 0 1 1 0 0 1 0 0 0 0 0 1 1 0 1 0 1 1 1 1 1 0 0 0 1 0 0 1 1 1 0 0 0 1 0 0 6.279311656951904
0 0 1 1 1 0 1 1 1 0 0 1 0 0 0 0 0 1 1 0 1 0 1 1 1 1 1 0 0 0 1 0 0 1 1 1 0 0 0 1 0 0 6.270698070526123
0 0 0 0 1 0 0 0 1 0 1 0 0 0 1 1 0 0 0 1 0 0 0 0 0 0 0 0 1 1 1 0 1 1 0 0 0 0 0 0 0 0 4.975528717041016
0 0 0 0 1 0 0 0 1 0 1 0 0 0 1 1 0 0 0 1 0 0 0 0 0 0 0 0 1 1 1 0 1 1 0 0 0 0 0 1 0 0 5.3269572257995605
0 0 0 0 1 0 0 0 1 1 1 0 0 0 1 1 0 0 0 1 0 0 0 0 0 0 0 0 1 1 1 0 1 1 0 0 0 0 0 1 0 0 5.601866245269775
0 0 0 0 1 0 0 0 1 1 1 0 0 0 1 1 0 1 0 1 0 0 0 0 0 0 0 0 1 1 1 0 1 1 0 0 0 0 0 1 0 0 5.839366912841797
0 0 0 0 1 0 1 0 1 1 1 0 0 0 1 1 0 1 0 1 0 0 0 0 0 0 0 0 1 1 1 0 1 1 0 0 0 0 0 1 0 0 5.98436164855957
0 0 0 0 1 1 1 0 1 1 1 0 0 0 1 1 0 1 0 1 0 0 0 0 0 0 0 0 1 1 1 0 1 1 0 0 0 0 0 1 0 0 6.041925430297852
0 0 0 0 1 1 1 0 0 1 1 0 0 0 1 1 0 1 0 1 0 0 0 0 0 0 0 0 1 1 1 0 1 1 0 0 0 0 0 1 0 0 6.094222068786621
0 0 0 0 1 1 1 0 0 1 1 0 0 0 1 1 0 1 0 1 0 0 0 0 0 0 0 0 0 1 1 0 1 1 0 0 0 0 0 1 0 0 6.092701435089111
0 0 0 0 1 1 0 0 1 0 0 0 0 1 0 1 0 0 1 0 0 0 0 0 1 0 1 0 0 1 0 0 0 1 1 0 0 0 0 0 0 0 4.54008674621582
0 0 0 0 1 1 0 0 1 0 0 0 0 1 0 1 0 1 1 0 0 0 0 0 1 0 1 0 0 1 0 0 0 1 1 0 0 0 0 0 0 0 4.967434406280518
0 0 0 0 1 1 0 0 1 0 0 0 0 1 0 1 0 1 1 0 0 0 0 0 0 0 1 0 0 1 0 0 0 1 1 0 0 0 0 0 0 0 5.272511005401611
0 0 0 0 1 1 1 0 1 0 0 0 0 1 0 1 0 1 1 0 0 0 0 0 0 0 1 0 0 1 0 0 0 1 1 0 0 0 0 0 0 0 5.565246105194092
0 0 0 0 1 1 1 0 1 0 0 0 0 1 0 1 0 1 1 1 0 0 0 0 0 0 1 0 0 1 0 0 0 1 1 0 0 0 0 0 0 0 5.770356178283691
0 0 0 0 1 1 1 0 1 0 0 0 0 1 0 1 0 1 1 1 0 0 0 0 0 0 1 0 0 1 0 0 0 1 0 0 0 0 0 0 0 0 6.041153907775879
0 0 0 0 1 1 1 0 1 0 0 0 0 1 0 0 0 1 1 1 0 0 0 0 0 0 1 0 0 1 0 0 0 1 0 0 0 0 0 0 0 0 6.198131084442139
0 0 0 0 1 1 1 0 1 0 0 0 0 1 0 0 0 1 1 1 0 0 0 0 0 0 1 0 1 1 0 0 0 1 0 0 0 0 0 0 0 0 6.536625385284424
0 0 0 0 1 1 1 0 1 0 0 0 0 1 1 0 0 1 1 1 0 0 0 0 0 0 1 0 1 1 0 0 0 1 0 0 0 0 0 0 0 0 6.591113567352295
0 0 1 0 1 1 1 0 1 0 0 0 0 1 1 0 0 1 1 1 0 0 0 0 0 0 1 0 1 1 0 0 0 1 0 0 0 0 0 0 0 0 6.615965843200684
0 0 1 0 1 1 1 0 1 0 0 0 0 1 1 0 0 1 1 1 0 0 0 0 0 1 1 0 1 1 0 0 0 1 0 0 0 0 0 0 0 0 6.808337688446045
0 0 1 0 1 1 1 0 1 0 0 0 0 1 1 0 0 1 1 1 0 0 0 0 0 1 1 0 1 1 0 0 0 1 0 0 0 0 0 1 0 0 6.829856872558594
0 0 1 0 1 1 1 0 1 0 0 0 0 1 1 0 0 1 1 1 0 1 0 0 0 1 1 0 1 1 0 0 0 1 0 0 0 0 0 1 0 0 6.864282608032227
0 0 1 0 1 1 1 0 1 0 0 0 0 1 1 0 0 1 1 1 1 1 0 0 0 1 1 0 1 1 0 0 0 1 0 0 0 0 0 1 0 0 6.8853678703308105
0 0 1 0 1 1 1 0 1 0 0 0 0 1 1 0 0 1 1 1 0 1 0 0 0 1 1 0 1 1 0 0 0 1 0 0 0 0 0 1 0 0 6.864282608032227
0 0 0 0 0 0 0 0 0 0 1 0 0 0 0 0 0 0 0 1 0 1 0 0 0 1 1 0 1 0 0 1 0 0 0 0 0 0 0 1 1 0 3.5219130516052246
0 0 0 0 0 0 1 0 0 0 1 0 0 0 0 0 0 0 0 1 0 1 0 0 0 1 1 0 1 0 0 1 0 0 0 0 0 0 0 1 1 0 3.7755446434020996
0 0 0 0 0 0 1 0 0 0 1 0 0 0 0 0 0 0 0 1 0 1 0 0 0 1 1 0 1 0 1 1 0 0 0 0 0 0 0 1 1 0 3.9943251609802246
0 0 0 0 0 0 1 0 0 0 1 0 0 0 0 0 0 0 0 1 0 1 0 0 0 1 1 1 1 0 1 1 0 0 0 0 0 0 0 1 1 0 4.136813640594482
0 0 0 0 0 0 1 0 0 0 1 0 0 0 0 1 0 0 0 1 0 1 0 0 0 1 1 1 1 0 1 1 0 0 0 0 0 0 0 1 1 0 4.2571516036987305
0 0 0 0 0 0 1 0 0 0 1 0 0 0 0 1 0 0 0 1 0 1 0 0 0 1 1 1 1 0 1 1 0 0 0 0 0 0 0 1 0 0 4.317077159881592
0 0 0 0 0 0 1 0 0 0 1 0 0 0 0 1 0 0 0 1 0 1 0 0 0 1 1 1 1 0 1 1 0 1 0 0 0 0 0 1 0 0 4.500354766845703
0 0 0 0 0 1 1 0 0 0 1 0 0 0 0 1 0 0 0 1 0 1 0 0 0 1 1 1 1 0 1 1 0 1 0 0 0 0 0 1 0 0 4.68940544128418
0 0 0 0 0 1 1 0 0 0 0 0 0 0 0 1 0 0 0 1 0 1 0 0 0 1 1 1 1 0 1 1 0 1 0 0 0 0 0 1 0 0 4.7870869636535645
0 0 0 0 0 1 1 0 0 0 0 0 0 0 0 1 0 0 0 1 0 1 0 0 0 1 1 1 1 0 1 1 0 1 0 0 0 1 0 1 0 0 4.945316314697266
0 0 0 0 0 1 1 0 0 0 0 0 0 0 0 1 0 0 0 1 0 0 0 0 0 1 1 1 1 0 1 1 0 1 0 0 0 1 0 1 0 0 5.117420673370361
0 0 0 0 0 1 1 0 1 0 0 0 0 0 0 1 0 0 0 1 0 0 0 0 0 1 1 1 1 0 1 1 0 1 0 0 0 1 0 1 0 0 5.213318347930908
0 0 0 0 0 1 1 0 1 0 0 0 0 0 0 1 0 0 0 1 0 0 0 0 0 1 1 1 1 1 1 1 0 1 0 0 0 1 0 1 0 0 5.5036115646362305
0 0 0 0 0 1 1 0 1 1 0 0 0 0 0 1 0 0 0 1 0 0 0 0 0 1 1 1 1 1 1 1 0 1 0 0 0 1 0 1 0 0 5.505103588104248
0 1 0 0 0 1 1 0 1 1 0 0 0 0 0 1 0 0 0 1 0 0 0 0 0 1 1 1 1 1 1 1 0 1 0 0 0 1 0 1 0 0 5.5851149559021
0 1 0 0 0 1 1 0 1 1 0 0 0 0 0 1 0 0 0 1 0 0 0 0 0 1 1 1 1 1 0 1 0 1 0 0 0 1 0 1 0 0 5.651462078094482
0 1 0 0 0 1 1 0 1 1 0 0 0 0 0 1 0 0 0 1 0 0 0 0 0 1 1 1 1 1 0 1 0 1 0 0 0 1 0 1 0 1 5.735134601593018
1 1 0 0 0 1 1 0 1 1 0 0 0 0 0 1 0 0 0 1 0 0 0 0 0 1 1 1 1 1 0 1 0 1 0 0 0 1 0 1 0 1 5.845604419708252
1 1 0 0 0 1 1 0 1 1 0 0 0 0 0 0 0 0 0 1 0 0 0 0 0 1 1 1 1 1 0 1 0 1 0 0 0 1 0 1 0 1 5.9070725440979
1 1 0 0 0 1 1 0 1 1 0 0 0 0 0 0 0 0 0 1 0 0 0 0 0 1 1 0 1 1 0 1 0 1 0 0 0 1 0 1 0 1 5.908233642578125
1 1 0 0 0 1 1 0 1 1 0 0 0 0 0 0 0 0 0 1 0 0 0 0 0 1 1 1 1 1 0 1 0 1 0 0 0 1 0 1 0 1 5.9070725440979
0 0 0 1 0 1 0 0 0 0 0 1 0 0 0 0 0 1 0 0 0 1 0 0 0 1 1 0 0 0 0 0 0 0 1 1 0 0 0 0 0 0 3.6436216831207275
0 0 0 1 0 1 0 0 0 0 0 1 0 0 0 0 0 1 1 0 0 1 0 0 0 1 1 0 0 0 0 0 0 0 1 1 0 0 0 0 0 0 4.031228542327881
0 0 0 1 0 1 0 1 0 0 0 1 0 0 0 0 0 1 1 0 0 1 0 0 0 1 1 0 0 0 0 0 0 0 1 1 0 0 0 0 0 0 4.280083179473877
0 0 0 1 0 1 0 1 0 0 0 1 0 0 0 0 0 1 1 0 0 1 1 0 0 1 1 0 0 0 0 0 0 0 1 1 0 0 0 0 0 0 4.444562911987305
0 0 0 1 0 1 0 1 0 0 0 1 0 0 0 0 0 1 1 0 0 0 1 0 0 1 1 0 0 0 0 0 0 0 1 1 0 0 0 0 0 0 4.730675220489502
0 0 0 1 0 1 0 1 0 0 0 1 0 0 0 0 0 1 1 0 0 0 1 0 0 1 1 0 0 0 0 0 0 0 1 1 0 0 0 1 0 0 4.938150882720947
0 0 0 1 0 1 0 1 0 0 0 1 0 0 0 0 0 1 1 0 1 0 1 0 0 1 1 0 0 0 0 0 0 0 1 1 0 0 0 1 0 0 5.237159729003906
0 0 0 1 0 1 0 1 0 0 0 1 0 0 0 0 0 1 1 0 1 0 1 0 0 1 1 0 0 0 0 0 0 1 1 1 0 0 0 1 0 0 5.484642505645752
0 0 0 1 1 1 0 1 0 0 0 1 0 0 0 0 0 1 1 0 1 0 1 0 0 1 1 0 0 0 0 0 0 1 1 1 0 0 0 1 0 0 5.638151168823242
0 0 1 1 1 1 0 1 0 0 0 1 0 0 0 0 0 1 1 0 1 0 1 0 0 1 1 0 0 0 0 0 0 1 1 1 0 0 0 1 0 0 5.800841808319092
0 0 1 1 1 0 0 1 0 0 0 1 0 0 0 0 0 1 1 0 1 0 1 0 0 1 1 0 0 0 0 0 0 1 1 1 0 0 0 1 0 0 6.006346702575684
0 0 1 1 1 0 1 1 0 0 0 1 0 0 0 0 0 1 1 0 1 0 1 0 0 1 1 0 0 0 0 0 0 1 1 1 0 0 0 1 0 0 6.022093296051025
0 0 1 1 1 0 1 1 1 0 0 1 0 0 0 0 0 1 1 0 1 0 1 0 0 1 1 0 0 0 0 0 0 1 1 1 0 0 0 1 0 0 6.117419719696045
0 0 1 1 1 0 1 1 1 0 0 1 0 0 0 0 0 1 1 1 1 0 1 0 0 1 1 0 0 0 0 0 0 1 1 1 0 0 0 1 0 0 6.150012493133545
0 0 1 1 1 1 1 1 1 0 0 1 0 0 0 0 0 1 1 1 1 0 1 0 0 1 1 0 0 0 0 0 0 1 1 1 0 0 0 1 0 0 6.273892879486084
0 0 1 1 1 1 1 1 1 0 0 1 0 0 0 0 0 1 1 1 1 0 0 0 0 1 1 0 0 0 0 0 0 1 1 1 0 0 0 1 0 0 6.359737396240234
0 0 1 1 1 1 1 1 1 0 0 1 0 0 0 0 0 1 1 1 1 0 0 0 0 1 1 0 0 1 0 0 0 1 1 1 0 0 0 1 0 0 6.333920478820801
0 0 0 0 0 0 0 0 0 1 1 0 0 0 1 1 0 0 1 1 1 0 0 0 0 0 0 0 0 1 0 0 0 1 1 0 0 0 0 1 0 0 4.00428581237793
0 0 0 0 0 0 0 0 0 1 1 0 0 0 1 1 0 0 1 1 1 0 0 0 0 0 0 0 0 1 0 0 1 1 1 0 0 0 0 1 0 0 4.556015968322754
0 0 0 0 0 0 0 0 0 1 1 0 0 0 1 1 0 0 0 1 1 0 0 0 0 0 0 0 0 1 0 0 1 1 1 0 0 0 0 1 0 0 5.022307395935059
0 0 0 0 1 0 0 0 0 1 1 0 0 0 1 1 0 0 0 1 1 0 0 0 0 0 0 0 0 1 0 0 1 1 1 0 0 0 0 1 0 0 5.517331123352051
0 0 0 0 1 0 1 0 0 1 1 0 0 0 1 1 0 0 0 1 1 0 0 0 0 0 0 0 0 1 0 0 1 1 1 0 0 0 0 1 0 0 5.644287586212158
0 0 0 0 1 0 1 0 0 1 1 0 0 0 1 1 0 1 0 1 1 0 0 0 0 0 0 0 0 1 0 0 1 1 1 0 0 0 0 1 0 0 5.830217361450195
0 0 0 0 1 0 1 0 0 1 1 0 0 0 1 1 0 1 0 1 1 0 0 0 0 0 0 0 0 1 1 0 1 1 1 0 0 0 0 1 0 0 5.85261344909668
0 0 0 0 1 0 1 0 0 1 1 0 0 0 1 1 0 1 0 1 0 0 0 0 0 0 0 0 0 1 1 0 1 1 1 0 0 0 0 1 0 0 5.954860210418701
0 0 0 0 1 0 1 0 0 1 1 0 0 0 1 1 0 1 0 1 0 0 0 0 0 0 0 0 0 1 1 0 1 1 0 0 0 0 0 1 0 0 6.059250354766846
0 0 0 0 1 1 1 0 0 1 1 0 0 0 1 1 0 1 0 1 0 0 0 0 0 0 0 0 0 1 1 0 1 1 0 0 0 0 0 1 0 0 6.092701435089111
0 0 0 0 1 1 1 0 0 1 1 0 0 0 1 1 0 1 0 1 0 0 0 0 0 0 0 0 1 1 1 0 1 1 0 0 0 0 0 1 0 0 6.094222068786621
0 0 0 0 1 1 1 0 0 1 1 0 0 0 1 1 0 1 0 1 0 0 0 0 0 0 0 0 0 1 1 0 1 1 0 0 0 0 0 1 0 0 6.092701435089111
0 0 0 0 1 0 0 0 0 0 1 0 0 0 1 1 0 1 0 1 0 0 0 0 0 1 0 1 0 1 0 0 0 1 0 0 0 1 0 0 0 0 4.015861988067627
0 0 0 0 1 0 0 0 0 0 1 0 0 0 1 1 0 1 0 1 0 0 0 0 0 1 0 1 0 1 0 0 1 1 0 0 0 1 0 0 0 0 4.277949810028076
0 0 0 0 1 0 0 0 0 0 1 0 0 0 1 1 0 1 0 1 0 0 0 0 0 1 0 1 0 1 0 0 1 1 0 0 0 0 0 0 0 0 4.797143936157227
0 0 0 0 1 0 0 0 0 1 1 0 0 0 1 1 0 1 0 1 0 0 0 0 0 1 0 1 0 1 0 0 1 1 0 0 0 0 0 0 0 0 5.227392196655273
0 0 0 0 1 0 0 0 0 1 1 0 0 0 1 1 0 1 0 1 0 0 0 0 0 1 0 0 0 1 0 0 1 1 0 0 0 0 0 0 0 0 5.61105489730835
0 0 0 0 1 0 1 0 0 1 1 0 0 0 1 1 0 1 0 1 0 0 0 0 0 1 0 0 0 1 0 0 1 1 0 0 0 0 0 0 0 0 5.7607831954956055
0 0 0 0 1 0 1 0 0 1 1 0 0 0 1 1 0 1 0 1 0 0 0 0 0 1 0 0 0 1 1 0 1 1 0 0 0 0 0 0 0 0 5.823217391967773
0 0 0 0 1 0 1 0 0 1 1 0 0 0 1 1 0 1 0 1 0 0 0 0 0 1 0 0 0 1 1 0 1 1 0 0 0 0 0 1 0 0 5.950873374938965
0 0 0 0 1 0 1 0 0 1 1 0 0 0 1 1 0 1 0 1 0 0 0 0 0 0 0 0 0 1 1 0 1 1 0 0 0 0 0 1 0 0 6.059250354766846
0 0 0 0 1 1 1 0 0 1 1 0 0 0 1 1 0 1 0 1 0 0 0 0 0 0 0 0 0 1 1 0 1 1 0 0 0 0 0 1 0 0 6.092701435089111
0 0 0 0 1 1 1 0 0 1 1 0 0 0 1 1 0 1 0 1 0 0 0 0 0 0 0 0 1 1 1 0 1 1 0 0 0 0 0 1 0 0 6.094222068786621
0 0 0 0 1 1 1 0 0 1 1 0 0 0 1 1 0 1 0 1 0 0 0 0 0 0 0 0 0 1 1 0 1 1 0 0 0 0 0 1 0 0 6.092701435089111
0 0 1 0 1 0 0 0 0 0 0 0 0 0 0 1 0 0 1 0 1 0 0 0 0 0 1 1 0 1 0 0 0 0 0 0 0 0 1 0 0 0 3.503669023513794
0 0 1 0 1 0 0 0 0 0 0 0 0 0 0 1 0 1 1 0 1 0 0 0 0 0 1 1 0 1 0 0 0 0 0 0 0 0 1 0 0 0 4.007503986358643
0 0 1 0 1 0 0 0 0 0 0 0 0 0 0 1 0 1 1 0 1 0 0 0 0 0 1 1 0 1 1 0 0 0 0 0 0 0 1 0 0 0 4.445278167724609
0 0 1 0 1 0 0 0 0 0 0 0 0 0 0 1 0 1 1 0 1 0 0 0 0 0 1 1 0 1 1 0 0 0 0 0 0 0 0 0 0 0 4.7795090675354
0 0 1 0 1 0 0 0 0 0 0 0 0 0 0 0 0 1 1 0 1 0 0 0 0 0 1 1 0 1 1 0 0 0 0 0 0 0 0 0 0 0 5.107309818267822
0 0 1 0 1 0 0 0 0 0 0 0 0 0 0 0 0 1 1 0 1 0 0 0 0 0 1 1 0 1 1 0 0 1 0 0 0 0 0 0 0 0 5.383991718292236
0 0 1 0 1 0 0 0 1 0 0 0 0 0 0 0 0 1 1 0 1 0 0 0 0 0 1 1 0 1 1 0 0 1 0 0 0 0 0 0 0 0 5.664661884307861
0 0 1 0 1 1 0 0 1 0 0 0 0 0 0 0 0 1 1 0 1 0 0 0 0 0 1 1 0 1 1 0 0 1 0 0 0 0 0 0 0 0 6.032875061035156
0 0 1 0 1 1 0 0 1 0 0 0 0 0 0 0 0 1 1 0 1 0 0 0 0 0 1 1 0 1 1 0 0 1 0 0 0 0 0 1 0 0 6.182797908782959
0 0 1 0 1 1 1 0 1 0 0 0 0 0 0 0 0 1 1 0 1 0 0 0 0 0 1 1 0 1 1 0 0 1 0 0 0 0 0 1 0 0 6.394973278045654
0 0 1 0 1 1 1 0 1 0 0 0 0 1 0 0 0 1 1 0 1 0 0 0 0 0 1 1 0 1 1 0 0 1 0 0 0 0 0 1 0 0 6.533908843994141
0 0 1 0 1 1 1 0 1 0 0 0 0 1 0 0 0 1 1 0 1 0 0 0 0 0 1 1 0 1 1 0 0 1 1 0 0 0 0 1 0 0 6.651588439941406
0 0 1 0 1 1 1 0 1 0 0 0 0 1 0 0 0 1 1 0 1 0 0 0 0 1 1 1 0 1 1 0 0 1 1 0 0 0 0 1 0 0 6.699668884277344
0 0 1 0 1 1 1 0 1 0 0 0 0 1 1 0 0 1 1 0 1 0 0 0 0 1 1 1 0 1 1 0 0 1 1 0 0 0 0 1 0 0 6.7171711921691895
0 0 1 0 1 1 1 0 1 0 0 0 0 1 0 0 0 1 1 0 1 0 0 0 0 1 1 1 0 1 1 0 0 1 1 0 0 0 0 1 0 0 6.699668884277344
0 0 0 0 0 0 0 0 0 0 0 0 0 0 0 1 0 1 0 1 0 1 0 0 1 1 1 0 1 0 0 1 0 0 0 0 0 0 0 1 1 0 3.574169397354126
0 0 0 0 0 0 1 0 0 0 0 0 0 0 0 1 0 1 0 1 0 1 0 0 1 1 1 0 1 0 0 1 0 0 0 0 0 0 0 1 1 0 3.80743408203125
0 0 0 0 0 0 1 0 0 0 0 0 0 0 0 1 0 1 0 1 0 1 0 0 0 1 1 0 1 0 0 1 0 0 0 0 0 0 0 1 1 0 4.063782691955566
0 0 0 0 0 0 1 0 0 0 0 0 0 0 0 1 0 1 0 1 0 1 0 0 0 1 1 0 1 0 0 1 0 1 0 0 0 0 0 1 1 0 4.293318271636963
0 0 0 0 0 0 1 0 0 0 0 0 0 0 0 1 0 1 0 1 0 1 0 0 0 1 1 0 1 1 0 1 0 1 0 0 0 0 0 1 1 0 4.521106719970703
0 0 0 0 0 0 1 0 0 0 0 0 0 0 0 1 0 1 0 1 0 1 0 0 0 1 1 0 1 1 0 1 0 1 0 0 0 0 0 1 0 0 4.916153907775879
0 0 0 0 0 1 1 0 0 0 0 0 0 0 0 1 0 1 0 1 0 1 0 0 0 1 1 0 1 1 0 1 0 1 0 0 0 0 0 1 0 0 5.268568992614746
0 1 0 0 0 1 1 0 0 0 0 0 0 0 0 1 0 1 0 1 0 1 0 0 0 1 1 0 1 1 0 1 0 1 0 0 0 0 0 1 0 0 5.4458465576171875
0 1 0 0 0 1 1 0 0 0 0 0 0 0 0 1 0 0 0 1 0 1 0 0 0 1 1 0 1 1 0 1 0 1 0 0 0 0 0 1 0 0 5.563334941864014
0 1 0 0 0 1 1 0 1 0 0 0 0 0 0 1 0 0 0 1 0 1 0 0 0 1 1 0 1 1 0 1 0 1 0 0 0 0 0 1 0 0 5.649099826812744
0 1 0 0 0 1 1 0 1 0 0 0 1 0 0 1 0 0 0 1 0 1 0 0 0 1 1 0 1 1 0 1 0 1 0 0 0 0 0 1 0 0 5.695194244384766
1 1 0 0 0 1 1 0 1 0 0 0 1 0 0 1 0 0 0 1 0 1 0 0 0 1 1 0 1 1 0 1 0 1 0 0 0 0 0 1 0 0 5.66229248046875
0 0 0 0 1 0 0 0 0 1 1 0 0 1 0 1 0 0 0 1 0 0 0 0 0 0 0 0 0 1 0 0 0 1 0 0 0 0 0 0 0 1 4.096421241760254
0 0 0 0 1 0 0 0 0 1 1 0 0 1 0 1 0 0 0 1 0 0 0 0 0 0 0 0 0 1 0 0 1 1 0 0 0 0 0 0 0 1 4.794360637664795
0 0 0 0 1 0 0 0 0 1 1 0 0 1 0 1 0 1 0 1 0 0 0 0 0 0 0 0 0 1 0 0 1 1 0 0 0 0 0 0 0 1 5.087562084197998
0 0 0 0 1 0 0 0 0 1 1 0 0 1 0 1 0 1 0 1 0 0 0 0 0 0 0 0 0 1 0 0 1 1 0 0 0 0 0 0 0 0 5.344929218292236
0 0 0 0 1 0 0 0 0 1 1 0 0 1 1 1 0 1 0 1 0 0 0 0 0 0 0 0 0 1 0 0 1 1 0 0 0 0 0 0 0 0 5.542929172515869
0 0 0 0 1 0 1 0 0 1 1 0 0 1 1 1 0 1 0 1 0 0 0 0 0 0 0 0 0 1 0 0 1 1 0 0 0 0 0 0 0 0 5.713576793670654
0 0 0 0 1 0 1 0 0 1 1 0 0 1 1 1 0 1 0 1 0 0 0 0 0 0 0 0 0 1 0 0 1 1 0 0 0 0 0 1 0 0 5.804127216339111
0 0 0 0 1 0 1 0 0 1 1 0 0 1 1 1 0 1 0 1 0 0 0 0 0 0 0 0 0 1 1 0 1 1 0 0 0 0 0 1 0 0 5.919490337371826
0 0 0 0 1 0 1 0 0 1 1 0 0 0 1 1 0 1 0 1 0 0 0 0 0 0 0 0 0 1 1 0 1 1 0 0 0 0 0 1 0 0 6.059250354766846
0 0 0 0 1 1 1 0 0 1 1 0 0 0 1 1 0 1 0 1 0 0 0 0 0 0 0 0 0 1 1 0 1 1 0 0 0 0 0 1 0 0 6.092701435089111
0 0 0 0 1 1 1 0 0 1 1 0 0 0 1 1 0 1 0 1 0 0 0 0 0 0 0 0 1 1 1 0 1 1 0 0 0 0 0 1 0 0 6.094222068786621
0 0 0 0 1 1 1 0 0 1 1 0 0 0 1 1 0 1 0 1 0 0 0 0 0 0 0 0 0 1 1 0 1 1 0 0 0 0 0 1 0 0 6.092701435089111
0 0 0 0 1 0 0 0 0 1 1 0 0 0 1 1 0 1 0 0 0 0 1 0 0 0 0 1 0 1 0 0 1 1 0 0 0 0 0 0 0 0 4.45159912109375
0 0 0 0 1 0 0 0 0 1 1 0 0 0 1 1 0 1 0 0 0 0 0 0 0 0 0 1 0 1 0 0 1 1 0 0 0 0 0 0 0 0 4.867300510406494
0 0 0 0 1 0 0 0 0 1 1 0 0 0 1 1 0 1 0 1 0 0 0 0 0 0 0 1 0 1 0 0 1 1 0 0 0 0 0 0 0 0 5.131523609161377
0 0 0 0 1 0 0 0 0 1 1 0 0 0 1 1 0 1 0 1 0 0 0 0 0 0 0 0 0 1 0 0 1 1 0 0 0 0 0 0 0 0 5.533201694488525
0 0 0 0 1 0 1 0 0 1 1 0 0 0 1 1 0 1 0 1 0 0 0 0 0 0 0 0 0 1 0 0 1 1 0 0 0 0 0 0 0 0 5.725373268127441
0 0 0 0 1 0 1 0 0 1 1 0 0 0 1 1 0 1 0 1 0 0 0 0 0 0 0 0 0 1 1 0 1 1 0 0 0 0 0 0 0 0 5.863274097442627
0 0 0 0 1 0 1 0 0 1 1 0 0 0 1 1 0 1 0 1 0 0 0 0 0 0 0 0 0 1 1 0 1 1 0 0 0 0 0 1 0 0 6.059250354766846
0 0 0 0 1 1 1 0 0 1 1 0 0 0 1 1 0 1 0 1 0 0 0 0 0 0 0 0 0 1 1 0 1 1 0 0 0 0 0 1 0 0 6.092701435089111
0 0 0 0 1 1 1 0 0 1 1 0 0 0 1 1 0 1 0 1 0 0 0 0 0 0 0 0 1 1 1 0 1 1 0 0 0 0 0 1 0 0 6.094222068786621
0 0 0 0 1 1 1 0 0 1 1 0 0 0 1 1 0 1 0 1 0 0 0 0 0 0 0 0 0 1 1 0 1 1 0 0 0 0 0 1 0 0 6.092701435089111
0 1 0 1 0 1 0 0 1 1 0 0 0 0 0 0 0 1 0 0 0 0 0 0 0 1 0 0 0 0 0 0 0 0 1 0 0 1 0 1 0 1 3.5951802730560303
0 1 0 1 0 1 0 0 1 1 0 0 0 0 0 0 0 1 0 0 0 0 0 0 0 1 0 0 0 0 0 0 0 1 1 0 0 1 0 1 0 1 4.065702438354492
0 1 0 1 0 1 1 0 1 1 0 0 0 0 0 0 0 1 0 0 0 0 0 0 0 1 0 0 0 0 0 0 0 1 1 0 0 1 0 1 0 1 4.551680564880371
0 1 0 1 0 1 1 0 1 1 0 0 0 0 0 0 0 0 0 0 0 0 0 0 0 1 0 0 0 0 0 0 0 1 1 0 0 1 0 1 0 1 4.907833099365234
0 1 0 1 0 1 1 0 1 1 0 0 0 0 0 0 0 0 0 0 0 0 0 0 0 1 0 0 0 0 0 0 0 1 1 0 0 0 0 1 0 1 5.158355236053467
1 1 0 1 0 1 1 0 1 1 0 0 0 0 0 0 0 0 0 0 0 0 0 0 0 1 0 0 0 0 0 0 0 1 1 0 0 0 0 1 0 1 5.2830963134765625
1 1 0 1 0 1 1 0 1 1 0 0 0 0 0 0 0 0 0 1 0 0 0 0 0 1 0 0 0 0 0 0 0 1 1 0 0 0 0 1 0 1 5.367806911468506
1 1 0 1 0 1 1 0 1 1 0 0 0 0 0 0 0 0 0 1 0 0 0 0 0 1 0 0 1 0 0 0 0 1 1 0 0 0 0 1 0 1 5.472095012664795
1 1 0 1 0 1 1 0 1 1 0 0 0 0 0 0 0 0 0 1 0 0 0 0 0 1 0 0 1 1 0 0 0 1 1 0 0 0 0 1 0 1 5.584625720977783
1 1 0 1 0 1 1 0 1 1 0 0 0 0 0 0 0 0 0 1 0 0 0 0 0 1 0 0 1 1 0 0 0 1 0 0 0 0 0 1 0 1 5.754574775695801
1 1 0 0 0 1 1 0 1 1 0 0 0 0 0 0 0 0 0 1 0 0 0 0 0 1 0 0 1 1 0 0 0 1 0 0 0 0 0 1 0 1 5.804569721221924
1 1 0 0 0 1 1 0 1 1 0 0 0 0 0 0 0 0 0 1 0 0 0 0 0 1 0 0 1 1 0 0 1 1 0 0 0 0 0 1 0 1 5.823326587677002
1 1 0 0 0 1 1 0 1 1 0 0 0 0 0 1 0 0 0 1 0 0 0 0 0 1 0 0 1 1 0 0 1 1 0 0 0 0 0 1 0 1 5.856536865234375
1 1 0 0 0 1 1 0 1 1 0 0 0 0 0 0 0 0 0 1 0 0 0 0 0 1 0 0 1 1 0 0 1 1 0 0 0 0 0 1 0 1 5.823326587677002
0 0 0 0 0 0 0 0 0 1 1 0 1 1 1 0 0 0 0 1 0 0 0 0 0 0 0 0 1 0 0 0 1 1 0 1 0 1 0 0 0 0 3.769343614578247
0 0 0 0 0 0 0 0 0 1 1 0 1 1 1 0 0 0 0 1 0 0 0 0 0 0 0 0 1 0 0 0 1 1 0 1 0 1 0 1 0 0 4.165916919708252
0 0 0 0 1 0 0 0 0 1 1 0 1 1 1 0 0 0 0 1 0 0 0 0 0 0 0 0 1 0 0 0 1 1 0 1 0 1 0 1 0 0 4.505252838134766
0 0 0 0 1 0 0 0 0 1 1 0 1 1 1 0 0 0 0 1 0 0 0 0 0 0 0 0 1 0 0 0 1 1 0 1 0 0 0 1 0 0 4.89056396484375
0 0 0 0 1 0 0 0 0 1 1 0 0 1 1 0 0 0 0 1 0 0 0 0 0 0 0 0 1 0 0 0 1 1 0 1 0 0 0 1 0 0 5.130019187927246
0 0 0 0 1 0 0 0 0 1 1 0 0 0 1 0 0 0 0 1 0 0 0 0 0 0 0 0 1 0 0 0 1 1 0 1 0 0 0 1 0 0 5.370952129364014
0 0 0 0 1 0 0 0 0 1 1 0 0 0 1 0 0 0 0 1 0 0 0 0 0 0 0 0 1 0 0 0 1 1 0 0 0 0 0 1 0 0 5.5029520988464355
0 0 0 0 1 0 1 0 0 1 1 0 0 0 1 0 0 0 0 1 0 0 0 0 0 0 0 0 1 0 0 0 1 1 0 0 0 0 0 1 0 0 5.729321002960205
0 0 0 0 1 0 1 0 0 1 1 0 0 0 1 0 0 1 0 1 0 0 0 0 0 0 0 0 1 0 0 0 1 1 0 0 0 0 0 1 0 0 5.833587646484375
0 0 0 0 1 0 1 0 0 1 1 0 0 0 1 1 0 1 0 1 0 0 0 0 0 0 0 0 1 0 0 0 1 1 0 0 0 0 0 1 0 0 5.905857086181641
0 0 0 0 1 0 1 0 0 1 1 0 0 0 1 1 0 1 0 1 0 0 0 0 0 0 0 0 1 1 0 0 1 1 0 0 0 0 0 1 0 0 5.943376541137695
0 0 0 0 1 0 1 0 0 1 1 0 0 0 1 1 0 1 0 1 0 0 0 0 0 0 0 0 1 1 1 0 1 1 0 0 0 0 0 1 0 0 6.038687229156494
0 0 0 0 1 1 1 0 0 1 1 0 0 0 1 1 0 1 0 1 0 0 0 0 0 0 0 0 1 1 1 0 1 1 0 0 0 0 0 1 0 0 6.094222068786621
0 0 0 0 1 1 1 0 0 1 1 0 0 0 1 1 0 1 0 1 0 0 0 0 0 0 0 0 0 1 1 0 1 1 0 0 0 0 0 1 0 0 6.092701435089111
0 1 0 1 0 0 0 0 0 1 1 0 0 0 0 1 0 1 0 1 0 0 0 0 0 1 0 0 0 0 0 1 0 1 0 0 0 0 0 0 0 1 4.46290397644043
0 1 0 1 0 0 1 0 0 1 1 0 0 0 0 1 0 1 0 1 0 0 0 0 0 1 0 0 0 0 0 1 0 1 0 0 0 0 0 0 0 1 4.889645576477051
0 1 0 1 1 0 1 0 0 1 1 0 0 0 0 1 0 1 0 1 0 0 0 0 0 1 0 0 0 0 0 1 0 1 0 0 0 0 0 0 0 1 5.0649919509887695
0 1 0 1 1 0 1 0 0 1 1 0 0 0 0 1 0 1 0 1 0 0 0 0 0 1 0 0 0 0 0 1 0 1 0 0 0 0 0 1 0 1 5.22482442855835
0 1 0 1 1 0 1 0 0 1 1 0 0 0 0 1 0 1 0 1 0 0 0 0 0 1 0 0 0 0 0 1 1 1 0 0 0 0 0 1 0 1 5.46291971206665
0 1 0 1 1 0 1 0 0 1 1 0 0 0 0 1 1 1 0 1 0 0 0 0 0 1 0 0 0 0 0 1 1 1 0 0 0 0 0 1 0 1 5.592452049255371
0 1 0 1 1 0 1 0 0 1 1 0 0 0 0 1 1 1 0 1 0 0 0 0 0 1 0 0 0 0 1 1 1 1 0 0 0 0 0 1 0 1 5.6067304611206055
0 0 0 1 1 0 1 0 0 1 1 0 0 0 0 1 1 1 0 1 0 0 0 0 0 1 0 0 0 0 1 1 1 1 0 0 0 0 0 1 0 1 5.6894731521606445
0 0 0 1 1 0 1 0 0 1 1 0 0 0 0 1 1 1 0 1 0 0 0 0 0 1 0 0 0 0 1 1 1 1 0 1 0 0 0 1 0 1 5.743839263916016
1 0 0 1 1 0 1 0 0 1 1 0 0 0 0 1 1 1 0 1 0 0 0 0 0 1 0 0 0 0 1 1 1 1 0 1 0 0 0 1 0 1 5.7780232429504395
1 0 0 1 1 0 1 0 0 1 1 0 0 0 0 1 1 0 0 1 0 0 0 0 0 1 0 0 0 0 1 1 1 1 0 1 0 0 0 1 0 1 5.771758556365967
0 0 0 1 1 1 0 0 1 0 1 0 0 0 0 1 0 0 1 1 0 0 0 0 0 0 0 0 0 1 0 0 0 1 0 0 0 0 0 0 0 1 3.155048370361328
0 0 0 1 1 1 0 0 1 0 1 0 0 0 0 1 0 0 1 1 0 0 0 0 0 0 0 0 0 1 0 0 0 1 0 0 0 0 0 1 0 1 3.6344923973083496
0 0 0 1 1 1 0 0 1 0 1 0 0 0 0 1 0 0 1 1 0 0 0 0 0 0 0 0 1 1 0 0 0 1 0 0 0 0 0 1 0 1 4.076318740844727
0 0 0 1 1 1 1 0 1 0 1 0 0 0 0 1 0 0 1 1 0 0 0 0 0 0 0 0 1 1 0 0 0 1 0 0 0 0 0 1 0 1 4.421443939208984
0 0 0 1 1 1 1 0 1 1 1 0 0 0 0 1 0 0 1 1 0 0 0 0 0 0 0 0 1 1 0 0 0 1 0 0 0 0 0 1 0 1 4.859107494354248
0 0 0 1 1 1 1 0 1 1 1 0 0 0 0 1 0 0 0 1 0 0 0 0 0 0 0 0 1 1 0 0 0 1 0 0 0 0 0 1 0 1 5.173580169677734
0 0 0 1 1 1 1 0 1 1 1 0 0 0 0 1 0 0 0 1 0 0 0 0 0 0 0 0 1 1 0 0 0 1 0 0 0 0 0 1 0 0 5.407115936279297
0 0 0 1 1 1 1 0 1 1 1 0 0 0 0 1 0 0 0 1 0 0 0 0 0 0 0 0 1 1 0 0 1 1 0 0 0 0 0 1 0 0 5.519616603851318
0 0 0 0 1 1 1 0 1 1 1 0 0 0 0 1 0 0 0 1 0 0 0 0 0 0 0 0 1 1 0 0 1 1 0 0 0 0 0 1 0 0 5.718489170074463
0 1 0 0 1 1 1 0 1 1 1 0 0 0 0 1 0 0 0 1 0 0 0 0 0 0 0 0 1 1 0 0 1 1 0 0 0 0 0 1 0 0 5.8182477951049805
0 1 0 0 1 1 1 0 1 1 1 0 0 0 1 1 0 0 0 1 0 0 0 0 0 0 0 0 1 1 0 0 1 1 0 0 0 0 0 1 0 0 5.897431373596191
0 1 0 0 1 1 1 0 1 1 1 0 0 0 1 1 0 1 0 1 0 0 0 0 0 0 0 0 1 1 0 0 1 1 0 0 0 0 0 1 0 0 5.980506420135498
0 1 0 0 1 1 1 0 1 1 1 0 0 1 1 1 0 1 0 1 0 0 0 0 0 0 0 0 1 1 0 0 1 1 0 0 0 0 0 1 0 0 6.021302223205566
0 1 0 0 1 1 1 0 1 1 1 0 0 1 1 1 0 1 0 1 0 1 0 0 0 0 0 0 1 1 0 0 1 1 0 0 0 0 0 1 0 0 6.070537567138672
0 1 0 0 1 1 1 0 0 1 1 0 0 1 1 1 0 1 0 1 0 1 0 0 0 0 0 0 1 1 0 0 1 1 0 0 0 0 0 1 0 0 6.039787769317627
0 0 1 0 1 0 0 0 0 1 1 0 0 0 0 1 0 1 0 0 0 0 0 0 0 0 0 0 1 1 0 0 0 1 1 0 0 0 0 1 0 0 4.6806535720825195
0 0 1 0 1 0 0 0 0 1 1 0 0 0 0 1 0 1 0 0 0 0 0 0 0 0 0 0 1 1 0 0 1 1 1 0 0 0 0 1 0 0 5.106360912322998
0 0 1 0 1 0 0 0 0 1 1 0 0 0 0 1 0 1 0 1 0 0 0 0 0 0 0 0 1 1 0 0 1 1 1 0 0 0 0 1 0 0 5.478560447692871
0 0 1 0 1 0 1 0 0 1 1 0 0 0 0 1 0 1 0 1 0 0 0 0 0 0 0 0 1 1 0 0 1 1 1 0 0 0 0 1 0 0 5.710928440093994
0 0 0 0 1 0 1 0 0 1 1 0 0 0 0 1 0 1 0 1 0 0 0 0 0 0 0 0 1 1 0 0 1 1 1 0 0 0 0 1 0 0 5.7806196212768555
0 0 0 0 1 0 1 0 1 1 1 0 0 0 0 1 0 1 0 1 0 0 0 0 0 0 0 0 1 1 0 0 1 1 1 0 0 0 0 1 0 0 5.900171279907227
0 0 0 0 1 0 1 0 1 1 1 0 0 0 0 1 0 0 0 1 0 0 0 0 0 0 0 0 1 1 0 0 1 1 1 0 0 0 0 1 0 0 5.872600555419922
0 1 0 0 0 1 0 0 0 1 0 0 0 1 0 0 0 0 0 0 1 1 0 0 0 0 0 0 1 0 0 0 1 0 1 1 0 0 0 1 0 0 3.3297619819641113
0 1 0 0 0 1 1 0 0 1 0 0 0 1 0 0 0 0 0 0 1 1 0 0 0 0 0 0 1 0 0 0 1 0 1 1 0 0 0 1 0 0 3.876339912414551
0 1 0 0 0 1 1 0 0 1 0 0 0 1 0 0 0 0 0 0 1 1 0 0 0 0 0 0 1 0 0 0 1 1 1 1 0 0 0 1 0 0 4.344727516174316
0 1 0 0 0 1 1 0 0 1 0 0 0 1 0 0 0 0 0 0 1 1 0 0 0 0 0 0 1 0 0 0 1 1 1 0 0 0 0 1 0 0 4.807861328125
0 1 0 0 0 1 1 0 0 1 0 0 0 1 0 0 0 0 0 0 1 1 0 0 0 0 0 0 1 1 0 0 1 1 1 0 0 0 0 1 0 0 5.090620994567871
0 1 0 0 0 1 1 0 1 1 0 0 0 1 0 0 0 0 0 0 1 1 0 0 0 0 0 0 1 1 0 0 1 1 1 0 0 0 0 1 0 0 5.249362945556641
0 1 0 0 1 1 1 0 1 1 0 0 0 1 0 0 0 0 0 0 1 1 0 0 0 0 0 0 1 1 0 0 1 1 1 0 0 0 0 1 0 0 5.545356273651123
0 1 0 0 1 1 1 0 1 1 0 0 0 1 0 0 0 0 0 1 1 1 0 0 0 0 0 0 1 1 0 0 1 1 1 0 0 0 0 1 0 0 5.671729564666748
0 1 0 0 1 1 1 0 1 1 0 0 0 1 1 0 0 0 0 1 1 1 0 0 0 0 0 0 1 1 0 0 1 1 1 0 0 0 0 1 0 0 5.826656341552734
0 1 0 0 1 1 1 0 1 1 0 0 0 1 1 0 0 0 0 1 1 1 0 0 0 0 0 0 1 1 0 0 1 1 0 0 0 0 0 1 0 0 5.997082233428955
0 1 0 0 1 1 1 0 1 1 0 0 0 1 1 0 0 0 0 1 0 1 0 0 0 0 0 0 1 1 0 0 1 1 0 0 0 0 0 1 0 0 6.080494403839111
1 1 0 0 1 1 1 0 1 1 0 0 0 1 1 0 0 0 0 1 0 1 0 0 0 0 0 0 1 1 0 0 1 1 0 0 0 0 0 1 0 0 6.087629318237305
1 1 0 0 1 1 1 0 1 1 0 0 0 1 1 0 0 0 0 1 0 1 0 0 0 0 0 0 1 1 0 0 0 1 0 0 0 0 0 1 0 0 6.214089393615723
1 1 0 0 1 1 1 0 1 1 0 0 0 1 1 0 0 0 0 1 0 1 0 0 0 0 1 0 1 1 0 0 0 1 0 0 0 0 0 1 0 0 6.289173603057861
1 1 0 0 0 1 1 0 1 1 0 0 0 1 1 0 0 0 0 1 0 1 0 0 0 0 1 0 1 1 0 0 0 1 0 0 0 0 0 1 0 0 6.230609893798828
0 1 0 1 0 0 0 0 1 1 0 0 0 0 0 1 0 0 1 0 0 0 0 0 0 0 0 1 0 1 0 0 0 1 0 0 0 1 0 1 0 0 3.426372528076172
0 1 0 1 0 0 1 0 1 1 0 0 0 0 0 1 0 0 1 0 0 0 0 0 0 0 0 1 0 1 0 0 0 1 0 0 0 1 0 1 0 0 3.8990907669067383
0 1 0 1 0 0 1 0 1 1 0 0 0 0 0 1 0 0 1 0 0 0 0 0 0 0 0 1 1 1 0 0 0 1 0 0 0 1 0 1 0 0 4.357574462890625
0 1 0 1 0 0 1 0 1 1 0 0 0 0 0 1 0 0 0 0 0 0 0 0 0 0 0 1 1 1 0 0 0 1 0 0 0 1 0 1 0 0 4.468507289886475
0 1 0 1 0 0 1 0 1 1 0 0 0 0 0 1 0 0 0 1 0 0 0 0 0 0 0 1 1 1 0 0 0 1 0 0 0 1 0 1 0 0 4.785991668701172
0 1 0 1 0 1 1 0 1 1 0 0 0 0 0 1 0 0 0 1 0 0 0 0 0 0 0 1 1 1 0 0 0 1 0 0 0 1 0 1 0 0 5.120899677276611
0 1 0 1 0 1 1 0 1 1 0 0 0 0 0 1 0 0 0 1 0 0 0 0 0 0 1 1 1 1 0 0 0 1 0 0 0 1 0 1 0 0 5.346809387207031
0 1 0 1 0 1 1 0 1 1 0 0 0 0 0 1 0 0 0 1 0 0 0 0 0 1 1 1 1 1 0 0 0 1 0 0 0 1 0 1 0 0 5.457457065582275
1 1 0 1 0 1 1 0 1 1 0 0 0 0 0 1 0 0 0 1 0 0 0 0 0 1 1 1 1 1 0 0 0 1 0 0 0 1 0 1 0 0 5.516239166259766
1 1 0 0 0 1 1 0 1 1 0 0 0 0 0 1 0 0 0 1 0 0 0 0 0 1 1 1 1 1 0 0 0 1 0 0 0 1 0 1 0 0 5.657166481018066
1 1 0 0 0 1 1 0 1 1 0 0 0 0 0 0 0 0 0 1 0 0 0 0 0 1 1 1 1 1 0 0 0 1 0 0 0 1 0 1 0 0 5.787193775177002
1 1 0 0 0 1 1 0 1 1 0 0 0 0 0 0 0 0 0 1 0 0 0 0 0 1 1 1 1 1 0 0 0 1 0 0 0 1 0 1 0 1 5.8087005615234375
1 1 0 0 0 1 1 0 1 1 0 0 0 0 0 0 0 0 0 1 0 0 0 0 0 1 1 1 1 1 0 1 0 1 0 0 0 1 0 1 0 1 5.9070725440979
1 1 0 0 0 1 1 0 1 1 0 0 0 0 0 0 0 0 0 1 0 0 0 0 0 1 1 0 1 1 0 1 0 1 0 0 0 1 0 1 0 1 5.908233642578125
1 1 0 0 0 1 1 0 1 1 0 0 0 0 0 0 0 0 0 1 0 0 0 0 0 1 1 1 1 1 0 1 0 1 0 0 0 1 0 1 0 1 5.9070725440979
0 0 0 0 1 1 0 0 1 1 0 0 1 1 1 0 0 0 0 1 0 0 0 0 0 0 0 0 0 0 0 0 1 1 0 0 0 1 0 0 0 0 4.131134986877441
0 0 0 0 1 1 0 0 1 1 0 0 1 1 1 0 0 0 0 1 0 0 0 0 0 0 0 0 0 0 0 0 1 1 0 0 0 0 0 0 0 0 4.452399730682373
0 0 0 0 1 1 0 0 1 1 0 0 1 1 1 0 0 0 0 1 0 0 0 0 0 0 0 0 0 1 0 0 1 1 0 0 0 0 0 0 0 0 4.736616134643555
0 0 0 0 1 1 0 0 1 1 0 0 1 1 1 0 0 0 0 1 0 0 0 0 0 0 0 0 1 1 0 0 1 1 0 0 0 0 0 0 0 0 5.034310817718506
0 0 0 0 1 1 1 0 1 1 0 0 1 1 1 0 0 0 0 1 0 0 0 0 0 0 0 0 1 1 0 0 1 1 0 0 0 0 0 0 0 0 5.450572490692139
0 1 0 0 1 1 1 0 1 1 0 0 1 1 1 0 0 0 0 1 0 0 0 0 0 0 0 0 1 1 0 0 1 1 0 0 0 0 0 0 0 0 5.635095596313477
0 1 0 0 1 1 1 0 1 1 0 0 1 1 1 0 0 0 0 1 0 0 0 0 0 0 0 0 1 1 0 0 1 1 0 0 0 0 0 1 0 0 5.837116241455078
0 1 0 0 1 1 1 0 1 1 0 0 0 1 1 0 0 0 0 1 0 0 0 0 0 0 0 0 1 1 0 0 1 1 0 0 0 0 0 1 0 0 6.034355640411377
0 1 0 0 1 1 1 0 1 1 0 0 0 1 1 0 0 0 0 1 0 1 0 0 0 0 0 0 1 1 0 0 1 1 0 0 0 0 0 1 0 0 6.080494403839111
1 1 0 0 1 1 1 0 1 1 0 0 0 1 1 0 0 0 0 1 0 1 0 0 0 0 0 0 1 1 0 0 1 1 0 0 0 0 0 1 0 0 6.087629318237305
1 1 0 0 1 1 1 0 1 1 0 0 0 1 1 0 0 0 0 1 0 1 0 0 0 0 0 0 1 1 0 0 0 1 0 0 0 0 0 1 0 0 6.214089393615723
1 1 0 0 1 1 1 0 1 1 0 0 0 1 1 0 0 0 0 1 0 1 0 0 0 0 1 0 1 1 0 0 0 1 0 0 0 0 0 1 0 0 6.289173603057861
1 1 0 0 0 1 1 0 1 1 0 0 0 1 1 0 0 0 0 1 0 1 0 0 0 0 1 0 1 1 0 0 0 1 0 0 0 0 0 1 0 0 6.230609893798828
0 1 0 1 1 0 0 0 0 0 0 0 0 1 0 0 0 1 1 0 0 0 0 0 0 1 0 1 0 1 0 0 0 0 0 0 0 0 1 0 0 1 2.8658807277679443
0 1 0 1 1 0 0 0 0 0 0 0 0 1 0 0 0 1 1 0 0 0 0 0 0 1 0 1 0 1 0 0 0 0 0 0 0 0 1 0 0 0 3.115013360977173
0 1 0 1 1 0 0 0 0 0 0 0 0 1 0 0 0 1 1 0 0 0 0 0 0 1 0 1 0 1 0 0 0 0 0 0 0 0 0 0 0 0 3.5684711933135986
0 1 0 0 1 0 0 0 0 0 0 0 0 1 0 0 0 1 1 0 0 0 0 0 0 1 0 1 0 1 0 0 0 0 0 0 0 0 0 0 0 0 3.954545021057129
0 1 0 0 1 0 0 0 1 0 0 0 0 1 0 0 0 1 1 0 0 0 0 0 0 1 0 1 0 1 0 0 0 0 0 0 0 0 0 0 0 0 4.321961879730225
0 1 0 0 1 0 1 0 1 0 0 0 0 1 0 0 0 1 1 0 0 0 0 0 0 1 0 1 0 1 0 0 0 0 0 0 0 0 0 0 0 0 4.795139312744141
0 1 0 0 1 0 1 0 1 0 0 0 0 1 0 0 0 1 1 0 0 0 0 0 0 1 0 1 0 1 0 0 0 1 0 0 0 0 0 0 0 0 5.182667255401611
0 1 0 0 1 1 1 0 1 0 0 0 0 1 0 0 0 1 1 0 0 0 0 0 0 1 0 1 0 1 0 0 0 1 0 0 0 0 0 0 0 0 5.629024028778076
0 1 0 0 1 1 1 0 1 0 0 0 0 1 1 0 0 1 1 0 0 0 0 0 0 1 0 1 0 1 0 0 0 1 0 0 0 0 0 0 0 0 5.815052032470703
0 1 0 0 1 1 1 0 1 0 0 0 0 1 1 0 0 1 1 1 0 0 0 0 0 1 0 1 0 1 0 0 0 1 0 0 0 0 0 0 0 0 6.017827987670898
0 1 0 0 1 1 1 0 1 0 0 0 0 1 1 0 0 1 1 1 0 0 0 0 0 1 1 1 0 1 0 0 0 1 0 0 0 0 0 0 0 0 6.2715606689453125
0 1 1 0 1 1 1 0 1 0 0 0 0 1 1 0 0 1 1 1 0 0 0 0 0 1 1 1 0 1 0 0 0 1 0 0 0 0 0 0 0 0 6.4832258224487305
0 1 1 0 1 1 1 0 1 0 0 0 0 1 1 0 0 1 1 1 0 0 0 0 0 1 1 1 1 1 0 0 0 1 0 0 0 0 0 0 0 0 6.724287986755371
0 0 1 0 1 1 1 0 1 0 0 0 0 1 1 0 0 1 1 1 0 0 0 0 0 1 1 1 1 1 0 0 0 1 0 0 0 0 0 0 0 0 6.767951011657715
0 0 1 0 1 1 1 0 1 0 0 0 0 1 1 0 0 1 1 1 0 0 0 0 0 1 1 0 1 1 0 0 0 1 0 0 0 0 0 0 0 0 6.808337688446045
0 0 1 0 1 1 1 0 1 0 0 0 0 1 1 0 0 1 1 1 0 0 0 0 0 1 1 0 1 1 0 0 0 1 0 0 0 0 0 1 0 0 6.829856872558594
0 0 1 0 1 1 1 0 1 0 0 0 0 1 1 0 0 1 1 1 0 1 0 0 0 1 1 0 1 1 0 0 0 1 0 0 0 0 0 1 0 0 6.864282608032227
0 0 1 0 1 1 1 0 1 0 0 0 0 1 1 0 0 1 1 1 1 1 0 0 0 1 1 0 1 1 0 0 0 1 0 0 0 0 0 1 0 0 6.8853678703308105
0 0 1 0 1 1 1 0 1 0 0 0 0 1 1 0 0 1 1 1 0 1 0 0 0 1 1 0 1 1 0 0 0 1 0 0 0 0 0 1 0 0 6.864282608032227
0 1 0 0 1 1 0 0 1 0 0 0 0 1 1 0 0 0 1 0 0 0 0 0 0 0 0 0 0 1 0 0 0 1 0 0 0 0 0 0 0 0 5.036657810211182
0 1 0 0 1 1 0 0 1 0 0 0 0 1 1 0 0 0 1 1 0 0 0 0 0 0 0 0 0 1 0 0 0 1 0 0 0 0 0 0 0 0 5.405935764312744
0 1 0 0 1 1 1 0 1 0 0 0 0 1 1 0 0 0 1 1 0 0 0 0 0 0 0 0 0 1 0 0 0 1 0 0 0 0 0 0 0 0 5.769642353057861
0 1 0 0 1 1 1 0 1 0 0 0 0 1 1 0 0 1 1 1 0 0 0 0 0 0 0 0 0 1 0 0 0 1 0 0 0 0 0 0 0 0 6.079769134521484
0 1 0 0 1 1 1 0 1 0 0 0 0 1 1 0 0 1 1 1 0 0 0 0 0 0 1 0 0 1 0 0 0 1 0 0 0 0 0 0 0 0 6.411039352416992
0 1 0 0 1 1 1 0 1 0 0 0 0 1 1 0 0 1 1 1 0 0 0 0 0 0 1 0 0 1 1 0 0 1 0 0 0 0 0 0 0 0 6.4405694007873535
0 0 0 0 1 1 1 0 1 0 0 0 0 1 1 0 0 1 1 1 0 0 0 0 0 0 1 0 0 1 1 0 0 1 0 0 0 0 0 0 0 0 6.4498443603515625
0 0 0 0 1 1 1 0 1 0 0 0 0 1 1 0 0 1 1 1 0 0 0 0 0 0 1 0 1 1 1 0 0 1 0 0 0 0 0 0 0 0 6.544585227966309
0 0 0 0 1 1 1 0 1 0 0 0 0 1 1 0 0 1 1 1 0 0 0 0 0 0 1 0 1 1 0 0 0 1 0 0 0 0 0 0 0 0 6.591113567352295
0 0 1 0 1 1 1 0 1 0 0 0 0 1 1 0 0 1 1 1 0 0 0 0 0 0 1 0 1 1 0 0 0 1 0 0 0 0 0 0 0 0 6.615965843200684
0 0 1 0 1 1 1 0 1 0 0 0 0 1 1 0 0 1 1 1 0 0 0 0 0 1 1 0 1 1 0 0 0 1 0 0 0 0 0 0 0 0 6.808337688446045
0 0 1 0 1 1 1 0 1 0 0 0 0 1 1 0 0 1 1 1 0 0 0 0 0 1 1 0 1 1 0 0 0 1 0 0 0 0 0 1 0 0 6.829856872558594
0 0 1 0 1 1 1 0 1 0 0 0 0 1 1 0 0 1 1 1 0 1 0 0 0 1 1 0 1 1 0 0 0 1 0 0 0 0 0 1 0 0 6.864282608032227
0 0 1 0 1 1 1 0 1 0 0 0 0 1 1 0 0 1 1 1 1 1 0 0 0 1 1 0 1 1 0 0 0 1 0 0 0 0 0 1 0 0 6.8853678703308105
0 0 1 0 1 1 1 0 1 0 0 0 0 1 1 0 0 1 1 1 0 1 0 0 0 1 1 0 1 1 0 0 0 1 0 0 0 0 0 1 0 0 6.864282608032227
0 0 0 0 0 1 0 0 1 0 0 0 0 0 1 0 1 1 0 0 1 0 0 0 0 0 0 0 0 1 0 0 0 1 1 0 0 0 0 0 0 0 3.895941972732544
0 0 0 0 0 1 0 0 1 0 0 0 0 0 1 0 0 1 0 0 1 0 0 0 0 0 0 0 0 1 0 0 0 1 1 0 0 0 0 0 0 0 4.503722667694092
0 0 0 0 1 1 0 0 1 0 0 0 0 0 1 0 0 1 0 0 1 0 0 0 0 0 0 0 0 1 0 0 0 1 1 0 0 0 0 0 0 0 4.927669525146484
0 0 0 0 1 1 1 0 1 0 0 0 0 0 1 0 0 1 0 0 1 0 0 0 0 0 0 0 0 1 0 0 0 1 1 0 0 0 0 0 0 0 5.361053943634033
0 0 0 0 1 1 1 0 1 0 0 0 0 0 1 0 0 1 1 0 1 0 0 0 0 0 0 0 0 1 0 0 0 1 1 0 0 0 0 0 0 0 5.694987773895264
0 0 0 0 1 1 1 0 1 0 0 0 0 0 1 0 0 1 1 0 1 0 0 0 0 0 0 0 0 1 0 0 0 1 1 0 0 0 0 1 0 0 5.881168365478516
0 0 0 0 1 1 1 0 1 0 0 0 0 0 1 0 0 1 1 0 1 0 0 0 0 0 1 0 0 1 0 0 0 1 1 0 0 0 0 1 0 0 6.103950023651123
0 0 0 0 1 1 1 0 1 0 0 0 0 0 1 0 0 1 1 0 1 0 0 0 0 0 1 0 0 1 1 0 0 1 1 0 0 0 0 1 0 0 6.3028411865234375
0 0 0 0 1 1 1 0 1 0 0 0 0 0 1 0 0 1 1 0 1 0 0 0 0 0 1 1 0 1 1 0 0 1 1 0 0 0 0 1 0 0 6.411381244659424
0 0 1 0 1 1 1 0 1 0 0 0 0 0 1 0 0 1 1 0 1 0 0 0 0 0 1 1 0 1 1 0 0 1 1 0 0 0 0 1 0 0 6.5132951736450195
0 0 1 0 1 1 1 0 1 0 0 0 0 1 1 0 0 1 1 0 1 0 0 0 0 0 1 1 0 1 1 0 0 1 1 0 0 0 0 1 0 0 6.658255100250244
0 0 1 0 1 1 1 0 1 0 0 0 0 1 1 0 0 1 1 0 1 0 0 0 0 1 1 1 0 1 1 0 0 1 1 0 0 0 0 1 0 0 6.7171711921691895
0 0 1 0 1 1 1 0 1 0 0 0 0 1 0 0 0 1 1 0 1 0 0 0 0 1 1 1 0 1 1 0 0 1 1 0 0 0 0 1 0 0 6.699668884277344
0 0 0 1 1 0 0 0 0 0 0 1 0 0 0 0 0 0 1 1 0 0 0 0 0 0 1 0 1 1 0 0 0 0 0 0 0 0 0 0 0 1 3.530479669570923
0 0 0 1 1 0 0 0 0 0 0 1 0 0 0 0 0 0 1 1 0 0 0 0 0 0 1 0 1 1 0 0 0 0 0 0 0 0 0 0 0 0 4.162906646728516
0 0 0 1 1 0 0 0 0 0 0 1 0 0 0 0 0 1 1 1 0 0 0 0 0 0 1 0 1 1 0 0 0 0 0 0 0 0 0 0 0 0 4.476521015167236
0 0 0 1 1 0 0 0 0 0 0 1 0 0 0 0 0 1 1 1 0 0 0 0 0 0 1 0 1 1 0 0 0 1 0 0 0 0 0 0 0 0 4.832923412322998
0 0 0 0 1 0 0 0 0 0 0 1 0 0 0 0 0 1 1 1 0 0 0 0 0 0 1 0 1 1 0 0 0 1 0 0 0 0 0 0 0 0 5.312374114990234
0 0 0 0 1 1 0 0 0 0 0 1 0 0 0 0 0 1 1 1 0 0 0 0 0 0 1 0 1 1 0 0 0 1 0 0 0 0 0 0 0 0 5.548898220062256
0 0 0 0 1 1 0 0 0 0 0 1 0 1 0 0 0 1 1 1 0 0 0 0 0 0 1 0 1 1 0 0 0 1 0 0 0 0 0 0 0 0 5.8656206130981445
0 0 0 0 1 1 1 0 0 0 0 1 0 1 0 0 0 1 1 1 0 0 0 0 0 0 1 0 1 1 0 0 0 1 0 0 0 0 0 0 0 0 6.088815212249756
0 0 0 0 1 1 1 0 1 0 0 1 0 1 0 0 0 1 1 1 0 0 0 0 0 0 1 0 1 1 0 0 0 1 0 0 0 0 0 0 0 0 6.445586204528809
0 0 0 0 1 1 1 0 1 0 0 1 0 1 1 0 0 1 1 1 0 0 0 0 0 0 1 0 1 1 0 0 0 1 0 0 0 0 0 0 0 0 6.547290325164795
0 0 0 0 1 1 1 0 1 0 0 1 0 1 1 0 0 1 1 1 0 0 0 0 0 1 1 0 1 1 0 0 0 1 0 0 0 0 0 0 0 0 6.6696014404296875
0 0 0 0 1 1 1 0 1 0 0 1 0 1 1 0 0 1 1 1 0 0 0 0 0 1 1 0 1 1 0 0 0 1 0 0 0 0 0 1 0 0 6.7366437911987305
0 0 0 0 1 1 1 0 1 0 0 1 0 1 1 0 0 1 1 1 0 0 0 0 0 1 1 1 1 1 0 0 0 1 0 0 0 0 0 1 0 0 6.714542388916016
