0 0 1 0 1 1 0 0 1 0 0 0 0 1 1 1 0 0 0 0 0 0 0 0 0 1 0 0 0 1 0 0 0 1 1 0 0 0 0 0 0 0 4.696389198303223
0 0 1 0 1 1 0 0 1 0 0 0 0 1 1 1 0 1 0 0 0 0 0 0 0 1 0 0 0 1 0 0 0 1 1 0 0 0 0 0 0 0 5.460678577423096
0 0 1 0 1 1 0 0 1 1 0 0 0 1 1 1 0 1 0 0 0 0 0 0 0 1 0 0 0 1 0 0 0 1 1 0 0 0 0 0 0 0 6.0870137214660645
0 0 1 0 1 1 0 0 1 1 0 0 0 1 1 1 0 1 0 0 0 0 0 0 0 1 0 0 0 1 0 0 0 1 1 0 0 0 0 1 0 0 6.602411270141602
0 0 1 0 1 1 0 0 1 1 0 0 0 1 0 1 0 1 0 0 0 0 0 0 0 1 0 0 0 1 0 0 0 1 1 0 0 0 0 1 0 0 7.074564456939697
0 1 1 0 1 1 0 0 1 1 0 0 0 1 0 1 0 1 0 0 0 0 0 0 0 1 0 0 0 1 0 0 0 1 1 0 0 0 0 1 0 0 7.442224502563477
0 1 1 0 1 1 1 0 1 1 0 0 0 1 0 1 0 1 0 0 0 0 0 0 0 1 0 0 0 1 0 0 0 1 1 0 0 0 0 1 0 0 7.714511394500732
0 1 1 0 1 1 1 0 1 1 0 0 0 0 0 1 0 1 0 0 0 0 0 0 0 1 0 0 0 1 0 0 0 1 1 0 0 0 0 1 0 0 7.820713996887207
0 1 1 0 1 1 1 0 1 1 0 0 0 0 0 0 0 1 0 0 0 0 0 0 0 1 0 0 0 1 0 0 0 1 1 0 0 0 0 1 0 0 8.027826309204102
0 1 1 0 1 1 1 0 1 1 0 0 0 0 0 0 0 1 0 0 0 0 0 0 0 1 0 0 0 1 1 0 0 1 1 0 0 0 0 1 0 0 8.164327621459961
0 1 1 1 1 1 1 0 1 1 0 0 0 0 0 0 0 1 0 0 0 0 0 0 0 1 0 0 0 1 1 0 0 1 1 0 0 0 0 1 0 0 8.151960372924805
0 0 1 0 1 0 1 0 0 1 1 0 0 0 0 1 0 0 1 0 0 0 0 0 0 1 0 0 0 1 0 0 0 1 0 0 0 0 0 0 0 1 5.091708660125732
0 0 1 0 1 0 1 0 0 1 1 0 0 0 0 1 0 0 1 0 0 0 0 0 0 1 0 0 0 1 0 0 0 1 0 0 0 0 0 1 0 1 5.671211242675781
0 0 1 0 1 0 1 0 0 1 1 0 0 0 0 1 0 0 1 0 0 0 0 0 0 1 0 0 0 1 0 0 0 1 0 0 0 0 0 1 0 0 6.185073375701904
0 0 1 0 1 0 1 0 0 1 1 0 0 0 0 1 0 0 1 1 0 0 0 0 0 1 0 0 0 1 0 0 0 1 0 0 0 0 0 1 0 0 6.480980396270752
0 0 1 0 1 0 1 0 0 1 1 0 0 0 0 1 0 1 1 1 0 0 0 0 0 1 0 0 0 1 0 0 0 1 0 0 0 0 0 1 0 0 6.8205037117004395
0 0 1 0 1 0 1 0 0 1 1 0 0 0 0 1 0 1 1 1 0 0 0 0 0 1 0 0 1 1 0 0 0 1 0 0 0 0 0 1 0 0 7.060853004455566
0 0 1 0 1 0 1 0 1 1 1 0 0 0 0 1 0 1 1 1 0 0 0 0 0 1 0 0 1 1 0 0 0 1 0 0 0 0 0 1 0 0 7.252281188964844
0 0 1 0 1 0 1 0 1 1 1 0 0 0 0 1 0 1 1 1 0 0 0 0 0 1 0 0 1 1 0 0 0 1 1 0 0 0 0 1 0 0 7.407206058502197
0 1 1 0 1 0 1 0 1 1 1 0 0 0 0 1 0 1 1 1 0 0 0 0 0 1 0 0 1 1 0 0 0 1 1 0 0 0 0 1 0 0 7.529119491577148
0 1 1 0 1 1 1 0 1 1 1 0 0 0 0 1 0 1 1 1 0 0 0 0 0 1 0 0 1 1 0 0 0 1 1 0 0 0 0 1 0 0 7.611522197723389
0 1 1 0 1 1 1 0 1 1 1 0 0 0 0 1 0 1 0 1 0 0 0 0 0 1 0 0 1 1 0 0 0 1 1 0 0 0 0 1 0 0 7.63831901550293
0 1 1 0 1 1 1 0 1 1 1 0 0 0 0 1 0 1 0 1 0 0 0 0 0 1 0 0 1 0 0 0 0 1 1 0 0 0 0 1 0 0 7.711043357849121
0 1 1 0 1 1 1 0 1 1 1 0 0 0 0 1 0 1 0 1 0 0 0 0 0 1 0 0 1 1 0 0 0 1 1 0 0 0 0 1 0 0 7.63831901550293
0 0 0 0 0 1 0 0 1 0 0 0 0 0 0 0 1 1 0 0 1 1 0 0 0 0 0 0 0 0 1 0 0 0 0 1 0 0 0 1 0 0 4.117360591888428
0 0 0 0 0 1 0 0 1 0 0 0 0 0 0 0 0 1 0 0 1 1 0 0 0 0 0 0 0 0 1 0 0 0 0 1 0 0 0 1 0 0 4.643577575683594
0 0 0 0 0 1 1 0 1 0 0 0 0 0 0 0 0 1 0 0 1 1 0 0 0 0 0 0 0 0 1 0 0 0 0 1 0 0 0 1 0 0 5.017183303833008
0 0 0 0 0 1 1 0 1 0 0 0 0 1 0 0 0 1 0 0 1 1 0 0 0 0 0 0 0 0 1 0 0 0 0 1 0 0 0 1 0 0 5.269510269165039
0 0 0 0 0 1 1 0 1 0 0 0 0 1 0 0 0 1 0 0 1 1 0 0 0 0 0 1 0 0 1 0 0 0 0 1 0 0 0 1 0 0 5.455531597137451
0 0 0 0 0 1 1 0 1 0 0 0 0 1 0 0 0 1 0 0 1 1 0 0 0 0 0 1 0 0 1 0 0 0 0 1 0 1 0 1 0 0 5.6310882568359375
0 0 0 0 0 1 1 0 1 0 0 0 0 1 0 0 0 1 0 1 1 1 0 0 0 0 0 1 0 0 1 0 0 0 0 1 0 1 0 1 0 0 5.82698392868042
0 0 0 0 0 1 1 0 1 0 0 0 0 1 0 0 0 0 0 1 1 1 0 0 0 0 0 1 0 0 1 0 0 0 0 1 0 1 0 1 0 0 6.398637294769287
0 0 0 0 0 1 1 0 1 0 0 0 0 1 0 0 0 0 0 1 1 1 0 0 0 0 0 1 0 0 0 0 0 0 0 1 0 1 0 1 0 0 6.62183141708374
0 0 0 0 0 1 1 0 1 0 0 0 0 1 1 0 0 0 0 1 1 1 0 0 0 0 0 1 0 0 0 0 0 0 0 1 0 1 0 1 0 0 6.9826836585998535
0 0 0 0 0 1 1 0 1 0 1 0 0 1 1 0 0 0 0 1 1 1 0 0 0 0 0 1 0 0 0 0 0 0 0 1 0 1 0 1 0 0 7.237030982971191
0 0 0 0 0 1 1 0 1 0 1 0 0 1 1 0 0 0 0 1 1 1 0 0 0 0 0 1 0 0 0 0 0 0 1 1 0 1 0 1 0 0 7.33660364151001
0 0 0 0 0 1 1 0 1 0 1 0 0 1 1 0 0 0 0 1 1 1 0 0 0 0 0 1 0 0 0 0 0 1 1 1 0 1 0 1 0 0 7.401155948638916
0 0 0 0 0 1 1 0 1 0 1 0 0 1 1 1 0 0 0 1 1 1 0 0 0 0 0 1 0 0 0 0 0 1 1 1 0 1 0 1 0 0 7.5699381828308105
0 0 0 0 0 1 1 0 1 0 1 0 0 1 1 1 0 0 0 1 1 0 0 0 0 0 0 1 0 0 0 0 0 1 1 1 0 1 0 1 0 0 7.518813610076904
0 0 0 0 1 0 0 0 0 0 0 0 0 0 1 1 0 0 1 1 0 0 0 0 0 1 1 0 0 1 0 1 0 1 0 0 0 0 0 0 0 1 3.769446611404419
0 0 0 0 1 0 1 0 0 0 0 0 0 0 1 1 0 0 1 1 0 0 0 0 0 1 1 0 0 1 0 1 0 1 0 0 0 0 0 0 0 1 4.457975387573242
0 0 0 0 1 0 1 0 0 0 0 0 0 0 1 1 0 0 1 1 0 0 0 0 0 1 1 0 0 1 0 1 0 1 0 0 0 0 0 1 0 1 5.0349225997924805
0 0 0 0 1 0 1 0 0 0 0 0 0 0 1 1 0 0 1 1 0 0 0 0 0 1 1 0 0 1 0 1 0 1 0 0 0 0 0 1 0 0 5.525849342346191
0 0 0 0 1 0 1 0 0 0 0 0 0 0 1 1 0 1 1 1 0 0 0 0 0 1 1 0 0 1 0 1 0 1 0 0 0 0 0 1 0 0 5.77608060836792
0 0 1 0 1 0 1 0 0 0 0 0 0 0 1 1 0 1 1 1 0 0 0 0 0 1 1 0 0 1 0 1 0 1 0 0 0 0 0 1 0 0 6.062182426452637
0 0 1 0 1 0 1 0 0 0 0 0 0 0 1 1 0 1 1 1 0 0 0 0 0 1 1 0 1 1 0 1 0 1 0 0 0 0 0 1 0 0 6.2983927726745605
0 0 1 0 1 0 1 0 0 1 0 0 0 0 1 1 0 1 1 1 0 0 0 0 0 1 1 0 1 1 0 1 0 1 0 0 0 0 0 1 0 0 6.520226955413818
0 0 1 0 1 0 1 0 1 1 0 0 0 0 1 1 0 1 1 1 0 0 0 0 0 1 1 0 1 1 0 1 0 1 0 0 0 0 0 1 0 0 6.708019733428955
0 0 1 0 1 0 1 0 1 1 0 0 0 0 1 1 0 1 1 1 0 0 0 0 0 1 1 0 1 1 0 1 0 1 1 0 0 0 0 1 0 0 6.861958980560303
0 0 1 0 1 0 1 0 1 1 0 0 0 0 0 1 0 1 1 1 0 0 0 0 0 1 1 0 1 1 0 1 0 1 1 0 0 0 0 1 0 0 7.018176078796387
0 0 1 0 1 0 1 0 1 1 0 0 0 0 0 1 0 1 1 1 0 0 0 0 0 1 0 0 1 1 0 1 0 1 1 0 0 0 0 1 0 0 7.267429351806641
0 1 1 0 1 0 1 0 1 1 0 0 0 0 0 1 0 1 1 1 0 0 0 0 0 1 0 0 1 1 0 1 0 1 1 0 0 0 0 1 0 0 7.425014972686768
0 1 1 0 1 0 1 0 1 1 0 0 0 0 0 1 0 1 1 1 0 0 0 0 0 1 0 0 1 1 0 0 0 1 1 0 0 0 0 1 0 0 7.524864196777344
0 1 1 0 1 1 1 0 1 1 0 0 0 0 0 1 0 1 1 1 0 0 0 0 0 1 0 0 1 1 0 0 0 1 1 0 0 0 0 1 0 0 7.606879234313965
0 1 1 1 1 1 1 0 1 1 0 0 0 0 0 1 0 1 1 1 0 0 0 0 0 1 0 0 1 1 0 0 0 1 1 0 0 0 0 1 0 0 7.620777606964111
0 1 1 1 1 1 1 0 1 1 0 0 0 0 0 1 0 1 0 1 0 0 0 0 0 1 0 0 1 1 0 0 0 1 1 0 0 0 0 1 0 0 7.626768589019775
0 1 1 1 1 1 1 0 1 1 0 0 0 0 0 1 0 1 0 1 0 0 0 0 0 1 0 0 0 1 0 0 0 1 1 0 0 0 0 1 0 0 7.7688679695129395
0 1 1 1 1 1 1 0 1 1 0 0 0 0 0 1 0 1 0 0 0 0 0 0 0 1 0 0 0 1 0 0 0 1 1 0 0 0 0 1 0 0 7.932598114013672
0 1 1 1 1 1 1 0 1 1 0 0 0 0 0 1 0 1 0 0 0 0 0 0 0 1 0 0 0 1 1 0 0 1 1 0 0 0 0 1 0 0 8.039909362792969
0 1 1 1 1 1 1 0 1 1 0 0 0 0 0 0 0 1 0 0 0 0 0 0 0 1 0 0 0 1 1 0 0 1 1 0 0 0 0 1 0 0 8.151960372924805
0 1 1 0 1 1 1 0 1 1 0 0 0 0 0 0 0 1 0 0 0 0 0 0 0 1 0 0 0 1 1 0 0 1 1 0 0 0 0 1 0 0 8.164327621459961
0 1 1 1 1 1 1 0 1 1 0 0 0 0 0 0 0 1 0 0 0 0 0 0 0 1 0 0 0 1 1 0 0 1 1 0 0 0 0 1 0 0 8.151960372924805
0 0 0 0 0 1 0 0 1 1 0 0 0 1 0 0 1 1 0 0 0 0 0 0 0 0 0 0 0 1 0 0 0 0 1 0 0 0 0 1 0 0 4.703307151794434
0 0 1 0 0 1 0 0 1 1 0 0 0 1 0 0 1 1 0 0 0 0 0 0 0 0 0 0 0 1 0 0 0 0 1 0 0 0 0 1 0 0 5.155961036682129
0 1 1 0 0 1 0 0 1 1 0 0 0 1 0 0 1 1 0 0 0 0 0 0 0 0 0 0 0 1 0 0 0 0 1 0 0 0 0 1 0 0 5.481391429901123
0 1 1 0 0 1 0 0 1 1 0 0 0 1 0 0 1 1 0 0 0 0 0 0 0 1 0 0 0 1 0 0 0 0 1 0 0 0 0 1 0 0 5.934579372406006
0 1 1 0 1 1 0 0 1 1 0 0 0 1 0 0 1 1 0 0 0 0 0 0 0 1 0 0 0 1 0 0 0 0 1 0 0 0 0 1 0 0 6.455176830291748
0 1 1 0 1 1 0 0 1 1 0 0 0 1 0 0 0 1 0 0 0 0 0 0 0 1 0 0 0 1 0 0 0 0 1 0 0 0 0 1 0 0 7.002909183502197
0 1 1 0 1 1 0 0 1 1 0 0 0 1 0 0 0 1 0 0 0 0 0 0 0 1 0 0 0 1 0 0 0 1 1 0 0 0 0 1 0 0 7.532351493835449
0 1 1 0 1 1 1 0 1 1 0 0 0 1 0 0 0 1 0 0 0 0 0 0 0 1 0 0 0 1 0 0 0 1 1 0 0 0 0 1 0 0 7.780854225158691
0 1 1 0 1 1 1 0 1 1 0 0 0 0 0 0 0 1 0 0 0 0 0 0 0 1 0 0 0 1 0 0 0 1 1 0 0 0 0 1 0 0 8.027826309204102
0 1 1 0 1 1 1 0 1 1 0 0 0 0 0 0 0 1 0 0 0 0 0 0 0 1 0 0 0 1 1 0 0 1 1 0 0 0 0 1 0 0 8.164327621459961
0 1 1 1 1 1 1 0 1 1 0 0 0 0 0 0 0 1 0 0 0 0 0 0 0 1 0 0 0 1 1 0 0 1 1 0 0 0 0 1 0 0 8.151960372924805
0 1 0 0 1 1 0 0 1 0 0 0 0 1 1 1 0 0 0 0 0 0 0 0 0 1 0 0 0 1 0 0 0 1 1 0 0 0 0 0 0 0 4.689352989196777
0 1 0 0 1 1 1 0 1 0 0 0 0 1 1 1 0 0 0 0 0 0 0 0 0 1 0 0 0 1 0 0 0 1 1 0 0 0 0 0 0 0 5.384056091308594
0 1 0 0 1 1 1 0 1 0 0 0 0 1 1 1 0 0 0 0 0 0 0 0 0 1 0 0 0 1 0 0 0 1 1 0 0 0 0 1 0 0 6.041402339935303
0 1 0 0 1 1 1 0 1 0 0 0 0 1 1 1 0 1 0 0 0 0 0 0 0 1 0 0 0 1 0 0 0 1 1 0 0 0 0 1 0 0 6.402918815612793
0 1 0 0 1 1 1 0 1 1 0 0 0 1 1 1 0 1 0 0 0 0 0 0 0 1 0 0 0 1 0 0 0 1 1 0 0 0 0 1 0 0 6.737512588500977
0 1 0 0 1 1 1 0 1 1 0 0 0 1 0 1 0 1 0 0 0 0 0 0 0 1 0 0 0 1 0 0 0 1 1 0 0 0 0 1 0 0 7.177826881408691
0 1 1 0 1 1 1 0 1 1 0 0 0 1 0 1 0 1 0 0 0 0 0 0 0 1 0 0 0 1 0 0 0 1 1 0 0 0 0 1 0 0 7.714511394500732
0 1 1 0 1 1 1 0 1 1 0 0 0 0 0 1 0 1 0 0 0 0 0 0 0 1 0 0 0 1 0 0 0 1 1 0 0 0 0 1 0 0 7.820713996887207
0 1 1 0 1 1 1 0 1 1 0 0 0 0 0 0 0 1 0 0 0 0 0 0 0 1 0 0 0 1 0 0 0 1 1 0 0 0 0 1 0 0 8.027826309204102
0 1 1 0 1 1 1 0 1 1 0 0 0 0 0 0 0 1 0 0 0 0 0 0 0 1 0 0 0 1 1 0 0 1 1 0 0 0 0 1 0 0 8.164327621459961
0 1 1 1 1 1 1 0 1 1 0 0 0 0 0 0 0 1 0 0 0 0 0 0 0 1 0 0 0 1 1 0 0 1 1 0 0 0 0 1 0 0 8.151960372924805
0 1 0 0 1 0 0 0 0 1 1 0 0 0 0 1 0 1 0 0 0 0 0 0 0 1 0 0 1 1 0 0 0 1 1 0 0 0 0 0 0 0 5.824678897857666
0 1 0 0 1 0 1 0 0 1 1 0 0 0 0 1 0 1 0 0 0 0 0 0 0 1 0 0 1 1 0 0 0 1 1 0 0 0 0 0 0 0 6.265061855316162
0 1 0 0 1 0 1 0 0 1 1 0 0 0 0 1 0 1 0 0 0 0 0 0 0 1 0 0 1 1 0 0 0 1 1 0 0 0 0 1 0 0 6.852697849273682
0 1 0 0 1 0 1 0 0 1 1 0 0 0 0 1 0 1 0 1 0 0 0 0 0 1 0 0 1 1 0 0 0 1 1 0 0 0 0 1 0 0 7.150710582733154
0 1 1 0 1 0 1 0 0 1 1 0 0 0 0 1 0 1 0 1 0 0 0 0 0 1 0 0 1 1 0 0 0 1 1 0 0 0 0 1 0 0 7.363637924194336
0 1 1 0 1 0 1 0 1 1 1 0 0 0 0 1 0 1 0 1 0 0 0 0 0 1 0 0 1 1 0 0 0 1 1 0 0 0 0 1 0 0 7.550790786743164
0 1 1 0 1 1 1 0 1 1 1 0 0 0 0 1 0 1 0 1 0 0 0 0 0 1 0 0 1 1 0 0 0 1 1 0 0 0 0 1 0 0 7.63831901550293
0 1 1 0 1 1 1 0 1 1 1 0 0 0 0 1 0 1 0 1 0 0 0 0 0 1 0 0 1 0 0 0 0 1 1 0 0 0 0 1 0 0 7.711043357849121
0 1 1 0 1 1 1 0 1 1 1 0 0 0 0 1 0 1 0 1 0 0 0 0 0 1 0 0 1 1 0 0 0 1 1 0 0 0 0 1 0 0 7.63831901550293
0 0 0 0 1 1 0 0 1 0 0 0 0 0 0 1 1 1 1 0 0 0 0 0 0 0 1 0 0 0 0 0 1 1 1 0 0 0 0 0 0 0 3.9499268531799316
0 0 0 0 1 1 0 0 1 1 0 0 0 0 0 1 1 1 1 0 0 0 0 0 0 0 1 0 0 0 0 0 1 1 1 0 0 0 0 0 0 0 4.9742231369018555
0 0 0 0 1 1 0 0 1 1 0 0 0 0 0 1 1 1 1 0 0 0 0 0 0 1 1 0 0 0 0 0 1 1 1 0 0 0 0 0 0 0 5.566385746002197
0 0 0 0 1 1 0 0 1 1 0 0 0 0 0 1 1 1 0 0 0 0 0 0 0 1 1 0 0 0 0 0 1 1 1 0 0 0 0 0 0 0 6.081234931945801
0 0 0 0 1 1 0 0 1 1 0 0 0 0 0 1 1 1 0 0 0 0 0 0 0 1 1 0 0 0 1 0 1 1 1 0 0 0 0 0 0 0 6.493659019470215
0 0 0 0 1 1 0 0 1 1 0 0 0 0 0 1 0 1 0 0 0 0 0 0 0 1 1 0 0 0 1 0 1 1 1 0 0 0 0 0 0 0 6.773255348205566
0 0 1 0 1 1 0 0 1 1 0 0 0 0 0 1 0 1 0 0 0 0 0 0 0 1 1 0 0 0 1 0 1 1 1 0 0 0 0 0 0 0 7.048368453979492
0 0 1 1 1 1 0 0 1 1 0 0 0 0 0 1 0 1 0 0 0 0 0 0 0 1 1 0 0 0 1 0 1 1 1 0 0 0 0 0 0 0 7.261696815490723
0 0 1 1 1 1 0 0 1 1 0 0 0 0 0 1 0 1 0 0 0 0 0 0 0 1 1 0 0 0 1 0 1 1 1 0 0 0 0 1 0 0 7.405402660369873
0 0 1 1 1 1 0 0 1 1 0 0 0 0 0 0 0 1 0 0 0 0 0 0 0 1 1 0 0 0 1 0 1 1 1 0 0 0 0 1 0 0 7.532363414764404
0 0 1 1 1 1 0 0 1 1 0 0 0 0 0 0 0 1 0 0 0 0 0 0 0 1 1 0 0 1 1 0 1 1 1 0 0 0 0 1 0 0 7.6469550132751465
0 1 1 1 1 1 0 0 1 1 0 0 0 0 0 0 0 1 0 0 0 0 0 0 0 1 1 0 0 1 1 0 1 1 1 0 0 0 0 1 0 0 7.65687370300293
0 1 1 1 1 1 0 0 1 1 0 0 0 0 0 0 0 1 0 0 0 0 0 0 0 1 1 0 0 1 1 0 0 1 1 0 0 0 0 1 0 0 7.704831600189209
0 1 1 1 1 1 1 0 1 1 0 0 0 0 0 0 0 1 0 0 0 0 0 0 0 1 1 0 0 1 1 0 0 1 1 0 0 0 0 1 0 0 7.956672191619873
0 1 1 1 1 1 1 0 1 1 0 0 0 0 0 0 0 1 0 0 0 0 0 0 0 1 0 0 0 1 1 0 0 1 1 0 0 0 0 1 0 0 8.151960372924805
0 1 1 0 1 1 1 0 1 1 0 0 0 0 0 0 0 1 0 0 0 0 0 0 0 1 0 0 0 1 1 0 0 1 1 0 0 0 0 1 0 0 8.164327621459961
0 1 1 1 1 1 1 0 1 1 0 0 0 0 0 0 0 1 0 0 0 0 0 0 0 1 0 0 0 1 1 0 0 1 1 0 0 0 0 1 0 0 8.151960372924805
0 1 0 0 1 0 1 0 0 1 1 0 0 0 0 1 0 0 1 0 0 0 0 0 0 1 0 0 0 1 0 0 0 1 0 0 0 0 0 0 0 1 5.093498706817627
0 1 0 0 1 0 1 0 0 1 1 0 0 0 0 1 0 0 1 0 0 0 0 0 0 1 0 0 0 1 0 0 0 1 0 0 0 0 0 1 0 1 5.657672882080078
0 1 0 0 1 0 1 0 0 1 1 0 0 0 0 1 0 0 1 0 0 0 0 0 0 1 0 0 0 1 0 0 0 1 0 0 0 0 0 1 0 0 6.1541748046875
0 1 0 0 1 0 1 0 0 1 1 0 0 0 0 1 0 0 1 1 0 0 0 0 0 1 0 0 0 1 0 0 0 1 0 0 0 0 0 1 0 0 6.437038898468018
0 1 0 0 1 0 1 0 0 1 1 0 0 0 0 1 0 1 1 1 0 0 0 0 0 1 0 0 0 1 0 0 0 1 0 0 0 0 0 1 0 0 6.774313449859619
0 1 0 0 1 0 1 0 0 1 1 0 0 0 0 1 0 1 1 1 0 0 0 0 0 1 0 0 1 1 0 0 0 1 0 0 0 0 0 1 0 0 6.989908695220947
0 1 1 0 1 0 1 0 0 1 1 0 0 0 0 1 0 1 1 1 0 0 0 0 0 1 0 0 1 1 0 0 0 1 0 0 0 0 0 1 0 0 7.192526817321777
0 1 1 0 1 0 1 0 1 1 1 0 0 0 0 1 0 1 1 1 0 0 0 0 0 1 0 0 1 1 0 0 0 1 0 0 0 0 0 1 0 0 7.3807196617126465
0 1 1 0 1 0 1 0 1 1 1 0 0 0 0 1 0 1 1 1 0 0 0 0 0 1 0 0 1 1 0 0 0 1 1 0 0 0 0 1 0 0 7.529119491577148
0 1 1 0 1 1 1 0 1 1 1 0 0 0 0 1 0 1 1 1 0 0 0 0 0 1 0 0 1 1 0 0 0 1 1 0 0 0 0 1 0 0 7.611522197723389
0 1 1 0 1 1 1 0 1 1 1 0 0 0 0 1 0 1 0 1 0 0 0 0 0 1 0 0 1 1 0 0 0 1 1 0 0 0 0 1 0 0 7.63831901550293
0 1 1 0 1 1 1 0 1 1 1 0 0 0 0 1 0 1 0 1 0 0 0 0 0 1 0 0 1 0 0 0 0 1 1 0 0 0 0 1 0 0 7.711043357849121
0 1 1 0 1 1 1 0 1 1 1 0 0 0 0 1 0 1 0 1 0 0 0 0 0 1 0 0 1 1 0 0 0 1 1 0 0 0 0 1 0 0 7.63831901550293
0 1 0 1 1 1 0 0 0 1 0 0 0 0 0 1 0 1 0 0 0 1 0 0 0 0 0 0 0 0 0 0 1 0 1 0 0 1 0 0 0 0 4.575219631195068
0 1 0 1 1 1 0 0 0 1 0 0 0 0 0 1 0 1 0 0 0 1 0 0 0 0 0 0 0 0 0 0 1 0 1 0 0 0 0 0 0 0 5.135450839996338
0 1 0 1 1 1 0 0 0 1 0 0 0 0 0 1 0 1 0 0 0 1 0 0 0 1 0 0 0 0 0 0 1 0 1 0 0 0 0 0 0 0 5.758166313171387
0 1 0 1 1 1 0 0 0 1 0 0 0 0 0 1 0 1 0 0 0 0 0 0 0 1 0 0 0 0 0 0 1 0 1 0 0 0 0 0 0 0 6.28111457824707
0 1 0 1 1 1 0 0 0 1 0 0 0 0 0 1 0 1 0 0 0 0 0 0 0 1 0 0 0 0 1 0 1 0 1 0 0 0 0 0 0 0 6.694819927215576
0 1 0 1 1 1 0 0 0 1 0 0 0 0 0 1 0 1 0 0 0 0 0 0 0 1 0 0 0 0 1 0 1 1 1 0 0 0 0 0 0 0 6.972021102905273
0 1 1 1 1 1 0 0 0 1 0 0 0 0 0 1 0 1 0 0 0 0 0 0 0 1 0 0 0 0 1 0 1 1 1 0 0 0 0 0 0 0 7.237463474273682
0 1 1 1 1 1 0 0 0 1 0 0 0 0 0 1 0 1 0 0 0 0 0 0 0 1 0 0 0 1 1 0 1 1 1 0 0 0 0 0 0 0 7.404867649078369
0 1 1 1 1 1 0 0 0 1 0 0 0 0 0 1 0 1 0 0 0 0 0 0 0 1 0 0 0 1 1 0 1 1 1 0 0 0 0 1 0 0 7.5152506828308105
0 1 1 1 1 1 0 0 0 1 0 0 0 0 0 0 0 1 0 0 0 0 0 0 0 1 0 0 0 1 1 0 1 1 1 0 0 0 0 1 0 0 7.620390892028809
0 1 1 1 1 1 0 0 0 1 0 0 0 0 0 0 0 1 0 0 0 0 0 0 0 1 0 0 0 1 1 0 0 1 1 0 0 0 0 1 0 0 7.676425457000732
0 1 1 1 1 1 1 0 0 1 0 0 0 0 0 0 0 1 0 0 0 0 0 0 0 1 0 0 0 1 1 0 0 1 1 0 0 0 0 1 0 0 7.928101539611816
0 1 1 1 1 1 1 0 1 1 0 0 0 0 0 0 0 1 0 0 0 0 0 0 0 1 0 0 0 1 1 0 0 1 1 0 0 0 0 1 0 0 8.151960372924805
0 1 1 0 1 1 1 0 1 1 0 0 0 0 0 0 0 1 0 0 0 0 0 0 0 1 0 0 0 1 1 0 0 1 1 0 0 0 0 1 0 0 8.164327621459961
0 1 1 1 1 1 1 0 1 1 0 0 0 0 0 0 0 1 0 0 0 0 0 0 0 1 0 0 0 1 1 0 0 1 1 0 0 0 0 1 0 0 8.151960372924805
0 0 0 0 0 1 0 0 1 0 0 0 0 1 1 0 0 0 1 0 0 0 0 0 1 0 1 0 0 1 0 0 0 1 1 0 0 0 0 1 0 0 3.3920037746429443
0 0 0 0 0 1 1 0 1 0 0 0 0 1 1 0 0 0 1 0 0 0 0 0 1 0 1 0 0 1 0 0 0 1 1 0 0 0 0 1 0 0 4.242133617401123
0 0 0 0 0 1 1 0 1 0 0 0 0 1 1 0 0 0 1 0 0 0 0 0 0 0 1 0 0 1 0 0 0 1 1 0 0 0 0 1 0 0 4.939092636108398
0 0 0 0 0 1 1 0 1 0 0 0 0 1 1 0 0 0 1 0 0 0 0 0 0 0 1 0 0 0 0 0 0 1 1 0 0 0 0 1 0 0 5.583797454833984
0 0 0 0 0 1 1 0 1 0 0 0 0 1 1 0 0 0 1 1 0 0 0 0 0 0 1 0 0 0 0 0 0 1 1 0 0 0 0 1 0 0 6.21547269821167
0 0 0 0 0 1 1 0 1 0 0 0 0 1 1 0 0 0 1 1 0 0 0 0 0 0 0 0 0 0 0 0 0 1 1 0 0 0 0 1 0 0 6.595421314239502
0 0 0 0 0 1 1 0 1 0 0 0 0 1 1 1 0 0 1 1 0 0 0 0 0 0 0 0 0 0 0 0 0 1 1 0 0 0 0 1 0 0 6.889980792999268
0 0 0 0 0 1 1 0 1 0 1 0 0 1 1 1 0 0 1 1 0 0 0 0 0 0 0 0 0 0 0 0 0 1 1 0 0 0 0 1 0 0 7.152249813079834
0 0 0 0 0 1 1 0 1 0 1 0 0 1 1 1 0 0 1 1 0 0 0 0 0 1 0 0 0 0 0 0 0 1 1 0 0 0 0 1 0 0 7.289809703826904
0 0 0 0 0 1 1 0 1 0 1 0 0 0 1 1 0 0 1 1 0 0 0 0 0 1 0 0 0 0 0 0 0 1 1 0 0 0 0 1 0 0 7.493595600128174
0 0 0 0 0 1 1 0 1 0 1 0 0 0 1 1 0 0 0 1 0 0 0 0 0 1 0 0 0 0 0 0 0 1 1 0 0 0 0 1 0 0 7.575588226318359
0 0 0 0 0 1 1 0 1 0 1 0 0 0 1 1 0 0 0 1 0 0 0 0 0 1 0 0 0 0 0 0 1 1 1 0 0 0 0 1 0 0 7.641300201416016
0 0 0 0 0 1 1 0 1 1 1 0 0 0 1 1 0 0 0 1 0 0 0 0 0 1 0 0 0 0 0 0 1 1 1 0 0 0 0 1 0 0 7.680810928344727
0 0 0 0 0 1 1 0 1 1 1 0 0 0 1 1 0 0 0 1 0 0 0 0 0 1 0 0 1 0 0 0 1 1 1 0 0 0 0 1 0 0 7.7031941413879395
0 0 0 0 0 1 1 0 1 1 1 0 0 0 1 1 0 0 0 1 0 0 0 0 0 1 0 0 0 0 0 0 1 1 1 0 0 0 0 1 0 0 7.680810928344727
0 0 1 0 1 0 0 0 0 0 1 0 0 0 1 1 0 0 0 1 1 0 0 0 0 1 0 0 0 1 0 1 0 1 0 0 0 0 0 0 0 0 4.197255611419678
0 0 1 0 1 0 1 0 0 0 1 0 0 0 1 1 0 0 0 1 1 0 0 0 0 1 0 0 0 1 0 1 0 1 0 0 0 0 0 0 0 0 4.8729448318481445
0 0 1 0 1 0 1 0 0 0 1 0 0 0 1 1 0 0 0 1 1 0 0 0 0 1 0 0 0 1 0 1 0 1 0 0 0 0 0 1 0 0 5.521089553833008
0 0 1 0 1 0 1 0 0 0 1 0 0 0 1 1 0 0 0 1 0 0 0 0 0 1 0 0 0 1 0 1 0 1 0 0 0 0 0 1 0 0 5.91832971572876
0 0 1 0 1 0 1 0 0 0 1 0 0 0 1 1 0 1 0 1 0 0 0 0 0 1 0 0 0 1 0 1 0 1 0 0 0 0 0 1 0 0 6.293330669403076
0 0 1 0 1 0 1 0 0 0 1 0 0 0 1 1 0 1 0 1 0 0 0 0 0 1 0 0 1 1 0 1 0 1 0 0 0 0 0 1 0 0 6.573511123657227
0 0 1 0 1 1 1 0 0 0 1 0 0 0 1 1 0 1 0 1 0 0 0 0 0 1 0 0 1 1 0 1 0 1 0 0 0 0 0 1 0 0 6.75048303604126
0 0 1 0 1 1 1 0 0 0 1 0 0 0 1 1 0 1 0 1 0 0 0 0 0 1 0 0 1 1 0 1 0 1 1 0 0 0 0 1 0 0 6.925754547119141
0 0 1 0 1 1 1 0 1 0 1 0 0 0 1 1 0 1 0 1 0 0 0 0 0 1 0 0 1 1 0 1 0 1 1 0 0 0 0 1 0 0 7.094076633453369
0 0 1 0 1 1 1 0 1 1 1 0 0 0 1 1 0 1 0 1 0 0 0 0 0 1 0 0 1 1 0 1 0 1 1 0 0 0 0 1 0 0 7.238288402557373
0 0 1 0 1 1 1 0 1 1 1 0 0 0 0 1 0 1 0 1 0 0 0 0 0 1 0 0 1 1 0 1 0 1 1 0 0 0 0 1 0 0 7.401399612426758
0 1 1 0 1 1 1 0 1 1 1 0 0 0 0 1 0 1 0 1 0 0 0 0 0 1 0 0 1 1 0 1 0 1 1 0 0 0 0 1 0 0 7.550709247589111
0 1 1 0 1 1 1 0 1 1 1 0 0 0 0 1 0 1 0 1 0 0 0 0 0 1 0 0 1 1 0 0 0 1 1 0 0 0 0 1 0 0 7.63831901550293
0 1 1 0 1 1 1 0 1 1 1 0 0 0 0 1 0 1 0 1 0 0 0 0 0 1 0 0 1 0 0 0 0 1 1 0 0 0 0 1 0 0 7.711043357849121
0 1 1 0 1 1 1 0 1 1 1 0 0 0 0 1 0 1 0 1 0 0 0 0 0 1 0 0 1 1 0 0 0 1 1 0 0 0 0 1 0 0 7.63831901550293
0 0 0 1 0 1 0 0 1 1 0 0 0 1 0 0 0 1 0 0 0 0 0 0 1 1 0 0 0 1 0 0 0 0 1 0 0 0 0 0 0 1 4.249698162078857
0 0 0 1 1 1 0 0 1 1 0 0 0 1 0 0 0 1 0 0 0 0 0 0 1 1 0 0 0 1 0 0 0 0 1 0 0 0 0 0 0 1 4.947022914886475
0 0 0 1 1 1 0 0 1 1 0 0 0 0 0 0 0 1 0 0 0 0 0 0 1 1 0 0 0 1 0 0 0 0 1 0 0 0 0 0 0 1 5.39341402053833
0 0 0 1 1 1 0 0 1 1 0 0 0 0 0 0 0 1 0 0 0 0 0 0 1 1 0 0 0 1 0 0 0 0 1 0 0 0 0 0 0 0 5.919010162353516
0 0 0 1 1 1 0 0 1 1 0 0 0 0 0 0 0 1 0 0 0 0 0 0 0 1 0 0 0 1 0 0 0 0 1 0 0 0 0 0 0 0 6.407138347625732
0 0 0 1 1 1 0 0 1 1 0 0 0 0 0 0 0 1 0 0 0 0 0 0 0 1 0 0 0 1 1 0 0 0 1 0 0 0 0 0 0 0 6.8281426429748535
0 0 0 1 1 1 0 0 1 1 0 0 0 0 0 0 0 1 0 0 0 0 0 0 0 1 0 0 0 1 1 0 0 1 1 0 0 0 0 0 0 0 7.107440948486328
0 0 1 1 1 1 0 0 1 1 0 0 0 0 0 0 0 1 0 0 0 0 0 0 0 1 0 0 0 1 1 0 0 1 1 0 0 0 0 0 0 0 7.366796493530273
0 0 1 1 1 1 0 0 1 1 0 0 0 0 0 0 0 1 0 0 0 0 0 0 0 1 0 0 0 1 1 0 0 1 1 0 0 0 0 1 0 0 7.524896621704102
0 1 1 1 1 1 0 0 1 1 0 0 0 0 0 0 0 1 0 0 0 0 0 0 0 1 0 0 0 1 1 0 0 1 1 0 0 0 0 1 0 0 7.898438930511475
0 1 1 1 1 1 1 0 1 1 0 0 0 0 0 0 0 1 0 0 0 0 0 0 0 1 0 0 0 1 1 0 0 1 1 0 0 0 0 1 0 0 8.151960372924805
0 1 1 0 1 1 1 0 1 1 0 0 0 0 0 0 0 1 0 0 0 0 0 0 0 1 0 0 0 1 1 0 0 1 1 0 0 0 0 1 0 0 8.164327621459961
0 1 1 1 1 1 1 0 1 1 0 0 0 0 0 0 0 1 0 0 0 0 0 0 0 1 0 0 0 1 1 0 0 1 1 0 0 0 0 1 0 0 8.151960372924805
0 0 1 1 1 0 0 0 0 0 0 0 0 1 0 0 0 0 1 0 0 0 0 0 0 1 0 1 0 1 0 0 0 0 0 0 0 0 1 0 0 0 3.0773730278015137
0 0 1 1 1 0 0 0 0 1 0 0 0 1 0 0 0 0 1 0 0 0 0 0 0 1 0 1 0 1 0 0 0 0 0 0 0 0 1 0 0 0 3.8335983753204346
0 0 1 1 1 0 0 0 0 1 0 0 0 1 0 0 0 1 1 0 0 0 0 0 0 1 0 1 0 1 0 0 0 0 0 0 0 0 1 0 0 0 4.814980983734131
0 0 1 1 1 0 0 0 0 1 0 0 0 1 0 0 0 1 1 0 0 0 0 0 0 1 0 0 0 1 0 0 0 0 0 0 0 0 1 0 0 0 5.475623607635498
0 0 1 1 1 0 0 0 0 1 0 0 0 0 0 0 0 1 1 0 0 0 0 0 0 1 0 0 0 1 0 0 0 0 0 0 0 0 1 0 0 0 6.055021286010742
0 0 1 1 1 0 0 0 0 1 0 0 0 0 0 0 0 1 0 0 0 0 0 0 0 1 0 0 0 1 0 0 0 0 0 0 0 0 1 0 0 0 6.567724227905273
0 0 1 1 1 0 0 0 0 1 0 0 0 0 0 0 0 1 0 0 0 0 0 0 0 1 0 0 0 1 0 0 0 1 0 0 0 0 1 0 0 0 6.82237434387207
0 0 1 1 1 0 0 0 0 1 0 0 0 0 0 0 0 1 0 0 0 0 0 0 0 1 0 0 0 1 1 0 0 1 0 0 0 0 1 0 0 0 7.226739883422852
0 0 1 1 1 0 0 0 0 1 0 0 0 0 0 0 0 1 0 0 0 0 0 0 0 1 0 0 0 1 1 0 0 1 0 0 0 0 0 0 0 0 7.347094535827637
0 0 1 1 1 0 0 0 0 1 0 0 0 0 0 0 0 1 0 0 0 0 0 0 0 1 0 0 0 1 1 0 0 1 0 0 0 0 0 1 0 0 7.458713531494141
0 0 1 1 1 0 0 0 0 1 0 0 0 0 0 0 0 1 0 0 0 0 0 0 0 1 0 0 0 1 1 0 1 1 0 0 0 0 0 1 0 0 7.552269458770752
0 0 1 1 1 0 0 0 0 1 0 0 0 0 0 0 0 1 0 0 0 0 0 0 0 1 0 0 0 1 1 0 1 1 1 0 0 0 0 1 0 0 7.611352920532227
0 0 1 1 1 0 0 0 0 1 0 0 0 0 0 0 0 1 0 0 0 0 0 0 0 1 1 0 0 1 1 0 1 1 1 0 0 0 0 1 0 0 7.652746677398682
0 1 1 1 1 0 0 0 0 1 0 0 0 0 0 0 0 1 0 0 0 0 0 0 0 1 1 0 0 1 1 0 1 1 1 0 0 0 0 1 0 0 7.669666767120361
0 1 1 1 1 0 0 0 1 1 0 0 0 0 0 0 0 1 0 0 0 0 0 0 0 1 1 0 0 1 1 0 1 1 1 0 0 0 0 1 0 0 7.660364151000977
0 0 0 0 1 0 1 0 1 0 1 0 0 0 1 1 0 0 0 1 0 0 0 0 0 0 0 0 1 1 1 0 0 1 0 0 0 0 0 0 0 0 4.726438522338867
0 0 0 0 1 0 1 0 1 0 1 0 0 0 1 1 0 0 0 1 0 0 0 0 0 0 0 0 1 1 1 0 0 1 0 0 0 0 0 1 0 0 5.7367987632751465
0 0 0 0 1 0 1 0 1 0 1 0 0 0 1 1 0 0 0 1 0 0 0 0 0 0 0 0 1 0 1 0 0 1 0 0 0 0 0 1 0 0 6.356230735778809
0 0 0 0 0 0 1 0 1 0 1 0 0 0 1 1 0 0 0 1 0 0 0 0 0 0 0 0 1 0 1 0 0 1 0 0 0 0 0 1 0 0 6.766386985778809
0 0 0 0 0 0 1 0 1 0 1 0 0 0 1 1 0 0 0 1 0 0 0 0 0 1 0 0 1 0 1 0 0 1 0 0 0 0 0 1 0 0 7.054691791534424
0 0 0 0 0 0 1 0 1 0 1 0 0 0 1 1 0 0 0 1 0 0 0 0 0 1 0 0 1 0 1 0 1 1 0 0 0 0 0 1 0 0 7.319829940795898
0 0 0 0 0 1 1 0 1 0 1 0 0 0 1 1 0 0 0 1 0 0 0 0 0 1 0 0 1 0 1 0 1 1 0 0 0 0 0 1 0 0 7.46101713180542
0 0 0 0 0 1 1 0 1 0 1 0 0 0 1 1 0 0 0 1 0 0 0 0 0 1 0 0 1 0 1 0 1 1 1 0 0 0 0 1 0 0 7.5943779945373535
0 0 0 0 0 1 1 0 1 0 1 0 0 0 1 1 0 0 0 1 0 0 0 0 0 1 0 0 1 0 0 0 1 1 1 0 0 0 0 1 0 0 7.6667375564575195
0 0 0 0 0 1 1 0 1 1 1 0 0 0 1 1 0 0 0 1 0 0 0 0 0 1 0 0 1 0 0 0 1 1 1 0 0 0 0 1 0 0 7.7031941413879395
0 0 0 0 0 1 1 0 1 1 1 0 0 0 1 1 0 0 0 1 0 0 0 0 0 1 0 0 0 0 0 0 1 1 1 0 0 0 0 1 0 0 7.680810928344727
0 0 0 0 0 1 0 0 1 0 0 0 0 1 0 1 0 0 1 0 0 0 0 0 1 1 1 0 0 1 0 0 0 1 1 0 0 0 0 0 0 0 3.545952081680298
0 0 0 0 0 1 1 0 1 0 0 0 0 1 0 1 0 0 1 0 0 0 0 0 1 1 1 0 0 1 0 0 0 1 1 0 0 0 0 0 0 0 4.208521842956543
0 0 0 0 0 1 1 0 1 0 0 0 0 1 0 1 0 0 1 0 0 0 0 0 0 1 1 0 0 1 0 0 0 1 1 0 0 0 0 0 0 0 4.870865821838379
0 0 0 0 0 1 1 0 1 0 0 0 0 1 0 1 0 0 1 0 0 0 0 0 0 1 1 0 0 1 0 0 0 1 1 0 0 0 0 1 0 0 5.4657745361328125
0 0 0 0 0 1 1 0 1 0 0 0 0 1 0 1 0 0 1 1 0 0 0 0 0 1 1 0 0 1 0 0 0 1 1 0 0 0 0 1 0 0 5.965883731842041
0 0 0 0 0 1 1 0 1 0 0 0 0 1 0 1 0 0 1 1 0 0 0 0 0 1 0 0 0 1 0 0 0 1 1 0 0 0 0 1 0 0 6.3562517166137695
0 0 0 0 0 1 1 0 1 0 0 0 0 1 0 1 0 0 1 1 0 0 0 0 0 1 0 0 0 0 0 0 0 1 1 0 0 0 0 1 0 0 6.744851112365723
0 0 0 0 0 1 1 0 1 0 0 0 0 1 1 1 0 0 1 1 0 0 0 0 0 1 0 0 0 0 0 0 0 1 1 0 0 0 0 1 0 0 7.103439807891846
0 0 0 0 0 1 1 0 1 0 1 0 0 1 1 1 0 0 1 1 0 0 0 0 0 1 0 0 0 0 0 0 0 1 1 0 0 0 0 1 0 0 7.289809703826904
0 0 0 0 0 1 1 0 1 0 1 0 0 0 1 1 0 0 1 1 0 0 0 0 0 1 0 0 0 0 0 0 0 1 1 0 0 0 0 1 0 0 7.493595600128174
0 0 0 0 0 1 1 0 1 0 1 0 0 0 1 1 0 0 0 1 0 0 0 0 0 1 0 0 0 0 0 0 0 1 1 0 0 0 0 1 0 0 7.575588226318359
0 0 0 0 0 1 1 0 1 0 1 0 0 0 1 1 0 0 0 1 0 0 0 0 0 1 0 0 0 0 0 0 1 1 1 0 0 0 0 1 0 0 7.641300201416016
0 0 0 0 0 1 1 0 1 1 1 0 0 0 1 1 0 0 0 1 0 0 0 0 0 1 0 0 0 0 0 0 1 1 1 0 0 0 0 1 0 0 7.680810928344727
0 0 0 0 0 1 1 0 1 1 1 0 0 0 1 1 0 0 0 1 0 0 0 0 0 1 0 0 1 0 0 0 1 1 1 0 0 0 0 1 0 0 7.7031941413879395
0 0 0 0 0 1 1 0 1 1 1 0 0 0 1 1 0 0 0 1 0 0 0 0 0 1 0 0 0 0 0 0 1 1 1 0 0 0 0 1 0 0 7.680810928344727
0 0 0 0 0 0 0 0 0 0 1 0 0 0 0 0 0 0 0 1 0 1 0 0 0 1 1 0 1 0 0 1 0 0 0 0 0 0 0 1 1 0 3.296733856201172
0 0 0 0 0 0 1 0 0 0 1 0 0 0 0 0 0 0 0 1 0 1 0 0 0 1 1 0 1 0 0 1 0 0 0 0 0 0 0 1 1 0 4.112666606903076
0 0 0 0 0 0 1 0 1 0 1 0 0 0 0 0 0 0 0 1 0 1 0 0 0 1 1 0 1 0 0 1 0 0 0 0 0 0 0 1 1 0 4.698823928833008
0 0 0 0 0 0 1 0 1 0 1 0 0 0 0 1 0 0 0 1 0 1 0 0 0 1 1 0 1 0 0 1 0 0 0 0 0 0 0 1 1 0 5.254635810852051
0 0 0 0 0 0 1 0 1 0 1 0 0 0 0 1 0 0 0 1 0 1 0 0 0 1 1 0 1 0 0 1 0 1 0 0 0 0 0 1 1 0 5.682184219360352
0 0 0 0 0 0 1 0 1 0 1 0 0 0 0 1 0 0 0 1 0 1 0 0 0 1 0 0 1 0 0 1 0 1 0 0 0 0 0 1 1 0 6.108241558074951
0 0 0 0 0 0 1 0 1 0 1 0 0 0 0 1 0 0 0 1 0 1 0 0 0 1 0 0 1 0 0 1 0 1 0 0 0 0 0 1 0 0 6.503209114074707
0 0 0 0 0 0 1 0 1 0 1 0 0 0 0 1 0 0 0 1 0 1 0 0 0 1 0 0 1 0 0 0 0 1 0 0 0 0 0 1 0 0 6.872212886810303
0 0 0 0 0 0 1 0 1 0 1 0 0 0 1 1 0 0 0 1 0 1 0 0 0 1 0 0 1 0 0 0 0 1 0 0 0 0 0 1 0 0 7.153510570526123
0 0 0 0 0 1 1 0 1 0 1 0 0 0 1 1 0 0 0 1 0 1 0 0 0 1 0 0 1 0 0 0 0 1 0 0 0 0 0 1 0 0 7.352232933044434
0 0 0 0 0 1 1 0 1 0 1 0 0 0 1 1 0 0 0 1 0 0 0 0 0 1 0 0 1 0 0 0 0 1 0 0 0 0 0 1 0 0 7.4942779541015625
0 0 0 0 0 1 1 0 1 0 1 0 0 0 1 1 0 0 0 1 0 0 0 0 0 1 0 0 1 0 0 0 0 1 1 0 0 0 0 1 0 0 7.56975793838501
0 0 0 0 0 1 1 0 1 0 1 0 0 0 1 1 0 0 0 1 0 0 0 0 0 1 0 0 1 0 0 0 1 1 1 0 0 0 0 1 0 0 7.6667375564575195
0 0 0 0 0 1 1 0 1 1 1 0 0 0 1 1 0 0 0 1 0 0 0 0 0 1 0 0 1 0 0 0 1 1 1 0 0 0 0 1 0 0 7.7031941413879395
0 0 0 0 0 1 1 0 1 1 1 0 0 0 1 1 0 0 0 1 0 0 0 0 0 1 0 0 0 0 0 0 1 1 1 0 0 0 0 1 0 0 7.680810928344727
0 0 0 1 1 1 0 0 0 0 0 1 0 0 0 0 0 1 0 0 0 1 0 0 0 1 1 0 0 0 0 0 1 0 1 1 0 0 0 0 0 0 4.411839962005615
0 0 0 1 1 1 0 0 0 1 0 1 0 0 0 0 0 1 0 0 0 1 0 0 0 1 1 0 0 0 0 0 1 0 1 1 0 0 0 0 0 0 5.440790176391602
0 0 0 1 1 1 0 0 0 1 0 1 0 0 0 0 0 1 0 0 0 0 0 0 0 1 1 0 0 0 0 0 1 0 1 1 0 0 0 0 0 0 5.930938243865967
0 0 0 1 1 1 0 0 0 1 0 1 0 0 0 0 0 1 0 0 0 0 0 0 0 1 1 0 0 0 1 0 1 0 1 1 0 0 0 0 0 0 6.337836265563965
0 0 1 1 1 1 0 0 0 1 0 1 0 0 0 0 0 1 0 0 0 0 0 0 0 1 1 0 0 0 1 0 1 0 1 1 0 0 0 0 0 0 6.63763952255249
0 0 1 1 1 1 0 0 0 1 0 0 0 0 0 0 0 1 0 0 0 0 0 0 0 1 1 0 0 0 1 0 1 0 1 1 0 0 0 0 0 0 6.897803783416748
0 0 1 1 1 1 0 0 0 1 0 0 0 0 0 0 0 1 0 0 0 0 0 0 0 1 1 0 0 0 1 0 1 1 1 1 0 0 0 0 0 0 7.142536163330078
0 0 1 1 1 1 0 0 0 1 0 0 0 0 0 0 0 1 0 0 0 0 0 0 0 1 1 0 0 0 1 0 1 1 1 0 0 0 0 0 0 0 7.375486850738525
0 0 1 1 1 1 0 0 0 1 0 0 0 0 0 0 0 1 0 0 0 0 0 0 0 1 1 0 0 0 1 0 1 1 1 0 0 0 0 1 0 0 7.5193281173706055
0 0 1 1 1 1 0 0 0 1 0 0 0 0 0 0 0 1 0 0 0 0 0 0 0 1 1 0 0 1 1 0 1 1 1 0 0 0 0 1 0 0 7.643545627593994
0 1 1 1 1 1 0 0 0 1 0 0 0 0 0 0 0 1 0 0 0 0 0 0 0 1 1 0 0 1 1 0 1 1 1 0 0 0 0 1 0 0 7.6590399742126465
0 1 1 1 1 0 0 0 0 1 0 0 0 0 0 0 0 1 0 0 0 0 0 0 0 1 1 0 0 1 1 0 1 1 1 0 0 0 0 1 0 0 7.669666767120361
0 1 1 1 1 0 0 0 1 1 0 0 0 0 0 0 0 1 0 0 0 0 0 0 0 1 1 0 0 1 1 0 1 1 1 0 0 0 0 1 0 0 7.660364151000977
0 0 0 0 0 0 0 0 0 1 1 0 0 0 1 1 0 0 1 1 1 0 0 0 0 0 0 0 0 1 0 0 0 1 1 0 0 0 0 1 0 0 4.461493492126465
0 0 0 0 0 0 1 0 0 1 1 0 0 0 1 1 0 0 1 1 1 0 0 0 0 0 0 0 0 1 0 0 0 1 1 0 0 0 0 1 0 0 5.472640514373779
0 0 0 0 0 0 1 0 0 1 1 0 0 0 1 1 0 0 1 1 1 0 0 0 0 0 0 0 0 0 0 0 0 1 1 0 0 0 0 1 0 0 6.135873317718506
0 0 0 0 0 0 1 0 1 1 1 0 0 0 1 1 0 0 1 1 1 0 0 0 0 0 0 0 0 0 0 0 0 1 1 0 0 0 0 1 0 0 6.780511856079102
0 0 0 0 0 0 1 0 1 1 1 0 0 0 1 1 0 0 1 1 1 0 0 0 0 1 0 0 0 0 0 0 0 1 1 0 0 0 0 1 0 0 7.0659871101379395
0 0 0 0 0 0 1 0 1 1 1 0 0 0 1 1 0 0 1 1 0 0 0 0 0 1 0 0 0 0 0 0 0 1 1 0 0 0 0 1 0 0 7.254539966583252
0 0 0 0 0 1 1 0 1 1 1 0 0 0 1 1 0 0 1 1 0 0 0 0 0 1 0 0 0 0 0 0 0 1 1 0 0 0 0 1 0 0 7.444876194000244
0 0 0 0 0 1 1 0 1 1 1 0 0 0 1 1 0 0 0 1 0 0 0 0 0 1 0 0 0 0 0 0 0 1 1 0 0 0 0 1 0 0 7.534975528717041
0 0 0 0 0 1 1 0 1 1 1 0 0 0 1 1 0 0 0 1 0 0 0 0 0 1 0 0 0 0 0 0 1 1 1 0 0 0 0 1 0 0 7.680810928344727
0 0 0 0 0 1 1 0 1 1 1 0 0 0 1 1 0 0 0 1 0 0 0 0 0 1 0 0 1 0 0 0 1 1 1 0 0 0 0 1 0 0 7.7031941413879395
0 0 0 0 0 1 1 0 1 1 1 0 0 0 1 1 0 0 0 1 0 0 0 0 0 1 0 0 0 0 0 0 1 1 1 0 0 0 0 1 0 0 7.680810928344727
0 0 0 0 1 0 0 0 0 1 1 0 0 0 1 1 0 1 0 0 0 0 0 0 0 1 0 1 0 1 0 0 0 1 0 0 0 1 0 0 0 0 4.466723442077637
0 0 0 0 1 0 0 0 0 1 1 0 0 0 1 1 0 1 0 0 0 0 0 0 0 1 0 1 0 1 0 0 0 1 0 0 0 0 0 0 0 0 5.060319423675537
0 0 0 0 1 0 0 0 0 1 1 0 0 0 1 1 0 1 0 0 0 0 0 0 0 1 0 0 0 1 0 0 0 1 0 0 0 0 0 0 0 0 5.658163547515869
0 0 0 1 1 0 0 0 0 1 1 0 0 0 1 1 0 1 0 0 0 0 0 0 0 1 0 0 0 1 0 0 0 1 0 0 0 0 0 0 0 0 6.041676044464111
0 0 0 1 1 0 0 0 0 1 1 0 0 0 1 1 0 1 0 0 0 0 0 0 0 1 0 0 0 1 1 0 0 1 0 0 0 0 0 0 0 0 6.377830505371094
0 0 0 1 1 0 0 0 0 1 1 0 0 0 0 1 0 1 0 0 0 0 0 0 0 1 0 0 0 1 1 0 0 1 0 0 0 0 0 0 0 0 6.641273021697998
0 0 0 1 1 0 0 0 0 1 0 0 0 0 0 1 0 1 0 0 0 0 0 0 0 1 0 0 0 1 1 0 0 1 0 0 0 0 0 0 0 0 6.978488445281982
0 0 1 1 1 0 0 0 0 1 0 0 0 0 0 1 0 1 0 0 0 0 0 0 0 1 0 0 0 1 1 0 0 1 0 0 0 0 0 0 0 0 7.236745834350586
0 0 1 1 1 0 0 0 0 1 0 0 0 0 0 0 0 1 0 0 0 0 0 0 0 1 0 0 0 1 1 0 0 1 0 0 0 0 0 0 0 0 7.347094535827637
0 0 1 1 1 0 0 0 0 1 0 0 0 0 0 0 0 1 0 0 0 0 0 0 0 1 0 0 0 1 1 0 0 1 0 0 0 0 0 1 0 0 7.458713531494141
0 0 1 1 1 0 0 0 0 1 0 0 0 0 0 0 0 1 0 0 0 0 0 0 0 1 0 0 0 1 1 0 1 1 0 0 0 0 0 1 0 0 7.552269458770752
0 0 1 1 1 0 0 0 0 1 0 0 0 0 0 0 0 1 0 0 0 0 0 0 0 1 0 0 0 1 1 0 1 1 1 0 0 0 0 1 0 0 7.611352920532227
0 0 1 1 1 0 0 0 0 1 0 0 0 0 0 0 0 1 0 0 0 0 0 0 0 1 1 0 0 1 1 0 1 1 1 0 0 0 0 1 0 0 7.652746677398682
0 1 1 1 1 0 0 0 0 1 0 0 0 0 0 0 0 1 0 0 0 0 0 0 0 1 1 0 0 1 1 0 1 1 1 0 0 0 0 1 0 0 7.669666767120361
0 1 1 1 1 0 0 0 1 1 0 0 0 0 0 0 0 1 0 0 0 0 0 0 0 1 1 0 0 1 1 0 1 1 1 0 0 0 0 1 0 0 7.660364151000977
0 0 1 0 1 0 0 0 0 0 0 0 0 0 0 0 0 0 1 0 1 0 0 0 0 0 1 1 0 1 0 0 0 0 0 0 0 0 1 0 0 1 2.7781174182891846
0 0 1 0 1 0 0 0 0 0 0 0 0 0 0 0 0 1 1 0 1 0 0 0 0 0 1 1 0 1 0 0 0 0 0 0 0 0 1 0 0 1 3.626429557800293
0 0 1 0 1 0 0 0 0 0 0 0 0 0 0 0 0 1 1 0 1 0 0 0 0 0 1 1 0 1 1 0 0 0 0 0 0 0 1 0 0 1 4.221635818481445
0 0 1 0 1 0 0 0 0 0 0 0 0 0 0 0 0 1 1 0 1 0 0 0 0 0 1 1 0 1 1 0 0 0 0 0 0 0 1 0 0 0 4.801283359527588
0 0 1 0 1 0 0 0 0 1 0 0 0 0 0 0 0 1 1 0 1 0 0 0 0 0 1 1 0 1 1 0 0 0 0 0 0 0 1 0 0 0 5.303224563598633
0 0 1 0 1 0 0 0 0 1 0 0 0 0 0 0 0 1 1 0 1 0 0 0 0 0 1 0 0 1 1 0 0 0 0 0 0 0 1 0 0 0 5.82323694229126
0 0 1 0 1 0 0 0 0 1 0 0 0 0 0 0 0 1 1 0 1 0 0 0 0 1 1 0 0 1 1 0 0 0 0 0 0 0 1 0 0 0 6.3393378257751465
0 0 1 0 1 0 0 0 0 1 0 0 0 0 0 0 0 1 1 0 1 0 0 0 1 1 1 0 0 1 1 0 0 0 0 0 0 0 1 0 0 0 6.673933982849121
0 0 1 0 1 0 0 0 0 1 0 0 0 0 0 0 0 1 0 0 1 0 0 0 1 1 1 0 0 1 1 0 0 0 0 0 0 0 1 0 0 0 6.960769176483154
0 0 1 0 1 0 0 0 0 1 0 0 0 0 0 0 0 1 0 0 0 0 0 0 1 1 1 0 0 1 1 0 0 0 0 0 0 0 1 0 0 0 7.05591344833374
0 0 1 1 1 0 0 0 0 1 0 0 0 0 0 0 0 1 0 0 0 0 0 0 1 1 1 0 0 1 1 0 0 0 0 0 0 0 1 0 0 0 7.14652681350708
0 0 1 1 1 0 0 0 0 1 0 0 0 0 0 0 0 1 0 0 0 0 1 0 1 1 1 0 0 1 1 0 0 0 0 0 0 0 1 0 0 0 7.196102142333984
0 0 0 1 1 0 0 0 0 1 0 0 0 0 0 0 0 1 0 0 0 0 1 0 1 1 1 0 0 1 1 0 0 0 0 0 0 0 1 0 0 0 7.239530086517334
0 0 0 1 1 0 0 0 1 1 0 0 0 0 0 0 0 1 0 0 0 0 1 0 1 1 1 0 0 1 1 0 0 0 0 0 0 0 1 0 0 0 7.210994720458984
0 0 0 0 0 0 0 0 0 1 0 0 0 0 0 1 0 1 0 0 0 1 0 0 1 1 1 0 1 0 0 1 0 0 0 0 0 0 0 1 1 0 3.8008387088775635
0 0 0 0 1 0 0 0 0 1 0 0 0 0 0 1 0 1 0 0 0 1 0 0 1 1 1 0 1 0 0 1 0 0 0 0 0 0 0 1 1 0 4.37237548828125
0 0 0 0 1 0 0 0 0 1 0 0 0 0 0 1 0 1 0 0 0 1 0 0 0 1 1 0 1 0 0 1 0 0 0 0 0 0 0 1 1 0 4.845769882202148
0 0 0 0 1 0 0 0 0 1 0 0 0 0 0 1 0 1 0 0 0 1 0 0 0 1 1 0 1 0 0 1 0 1 0 0 0 0 0 1 1 0 5.249819278717041
0 0 0 0 1 0 0 0 0 1 0 0 0 0 0 1 0 1 0 0 0 0 0 0 0 1 1 0 1 0 0 1 0 1 0 0 0 0 0 1 1 0 5.605492115020752
0 0 0 0 1 0 0 0 0 1 0 0 0 0 0 1 0 1 0 0 0 0 0 0 0 1 1 0 1 0 0 1 1 1 0 0 0 0 0 1 1 0 5.87214469909668
0 0 0 0 1 0 0 0 0 1 0 0 0 0 0 1 0 1 0 0 0 0 0 0 0 1 1 0 1 0 0 0 1 1 0 0 0 0 0 1 1 0 6.1018147468566895
0 0 0 0 1 0 1 0 0 1 0 0 0 0 0 1 0 1 0 0 0 0 0 0 0 1 1 0 1 0 0 0 1 1 0 0 0 0 0 1 1 0 6.293721675872803
0 0 0 0 1 0 1 0 0 1 0 0 0 0 0 1 0 1 0 0 0 0 0 0 0 1 1 0 1 0 1 0 1 1 0 0 0 0 0 1 1 0 6.485318660736084
0 0 0 0 1 0 1 0 0 1 0 0 0 0 0 1 0 1 0 0 0 0 0 0 0 1 1 0 1 1 1 0 1 1 0 0 0 0 0 1 1 0 6.62089204788208
0 0 0 0 1 0 1 0 0 1 0 0 0 0 0 1 0 1 0 1 0 0 0 0 0 1 1 0 1 1 1 0 1 1 0 0 0 0 0 1 1 0 6.742845058441162
0 0 0 0 1 0 1 0 0 1 0 0 0 0 0 1 0 1 0 1 0 0 0 0 0 1 1 0 1 1 1 0 1 1 1 0 0 0 0 1 1 0 6.838278770446777
0 0 0 0 1 0 1 0 0 1 0 0 0 0 0 1 0 1 0 1 0 0 0 0 0 1 1 0 1 1 1 0 1 1 1 0 0 0 0 1 0 0 6.912481307983398
0 0 1 0 1 0 1 0 0 1 0 0 0 0 0 1 0 1 0 1 0 0 0 0 0 1 1 0 1 1 1 0 1 1 1 0 0 0 0 1 0 0 6.945125579833984
0 0 1 0 1 0 1 0 1 1 0 0 0 0 0 1 0 1 0 1 0 0 0 0 0 1 1 0 1 1 1 0 1 1 1 0 0 0 0 1 0 0 7.011425971984863
0 0 1 0 1 0 1 0 1 1 0 0 0 0 0 1 0 1 0 1 0 0 0 0 0 1 0 0 1 1 1 0 1 1 1 0 0 0 0 1 0 0 7.16094446182251
0 0 1 0 1 0 1 0 1 1 0 0 0 0 0 1 0 1 0 1 0 0 0 0 0 1 0 0 1 1 0 0 1 1 1 0 0 0 0 1 0 0 7.37562370300293
0 1 1 0 1 0 1 0 1 1 0 0 0 0 0 1 0 1 0 1 0 0 0 0 0 1 0 0 1 1 0 0 1 1 1 0 0 0 0 1 0 0 7.49036979675293
0 1 1 0 1 1 1 0 1 1 0 0 0 0 0 1 0 1 0 1 0 0 0 0 0 1 0 0 1 1 0 0 1 1 1 0 0 0 0 1 0 0 7.5690155029296875
0 1 1 0 1 1 1 0 1 1 0 0 0 0 0 1 0 1 0 1 0 0 0 0 0 1 0 0 1 1 0 0 0 1 1 0 0 0 0 1 0 0 7.60405158996582
0 1 1 0 1 1 1 0 1 1 1 0 0 0 0 1 0 1 0 1 0 0 0 0 0 1 0 0 1 1 0 0 0 1 1 0 0 0 0 1 0 0 7.63831901550293
0 1 1 0 1 1 1 0 1 1 1 0 0 0 0 1 0 1 0 1 0 0 0 0 0 1 0 0 1 0 0 0 0 1 1 0 0 0 0 1 0 0 7.711043357849121
0 1 1 0 1 1 1 0 1 1 1 0 0 0 0 1 0 1 0 1 0 0 0 0 0 1 0 0 1 1 0 0 0 1 1 0 0 0 0 1 0 0 7.63831901550293
0 0 0 0 1 0 0 1 0 1 1 0 0 1 0 1 0 0 0 1 0 0 0 0 0 1 0 0 0 1 0 0 0 1 0 0 0 0 0 0 0 1 3.620319366455078
0 0 0 0 1 0 0 0 0 1 1 0 0 1 0 1 0 0 0 1 0 0 0 0 0 1 0 0 0 1 0 0 0 1 0 0 0 0 0 0 0 1 4.411224365234375
0 0 0 0 1 0 1 0 0 1 1 0 0 1 0 1 0 0 0 1 0 0 0 0 0 1 0 0 0 1 0 0 0 1 0 0 0 0 0 0 0 1 5.082495212554932
0 0 0 0 1 0 1 0 0 1 1 0 0 1 0 1 0 0 0 1 0 0 0 0 0 1 0 0 0 1 0 0 0 1 0 0 0 0 0 1 0 1 5.6564130783081055
0 0 0 0 1 0 1 0 0 1 1 0 0 1 0 1 0 0 0 1 0 0 0 0 0 1 0 0 0 1 0 0 0 1 0 0 0 0 0 1 0 0 6.157337665557861
0 0 0 0 1 0 1 0 0 1 1 0 0 1 0 1 0 1 0 1 0 0 0 0 0 1 0 0 0 1 0 0 0 1 0 0 0 0 0 1 0 0 6.389047145843506
0 0 1 0 1 0 1 0 0 1 1 0 0 1 0 1 0 1 0 1 0 0 0 0 0 1 0 0 0 1 0 0 0 1 0 0 0 0 0 1 0 0 6.714620113372803
0 0 1 0 1 0 1 0 0 1 1 0 0 1 0 1 0 1 0 1 0 0 0 0 0 1 0 0 1 1 0 0 0 1 0 0 0 0 0 1 0 0 6.963008403778076
0 0 1 0 1 0 1 0 1 1 1 0 0 1 0 1 0 1 0 1 0 0 0 0 0 1 0 0 1 1 0 0 0 1 0 0 0 0 0 1 0 0 7.147660255432129
0 0 1 0 1 0 1 0 1 1 1 0 0 1 0 1 0 1 0 1 0 0 0 0 0 1 0 0 1 1 0 0 0 1 1 0 0 0 0 1 0 0 7.314438343048096
0 1 1 0 1 0 1 0 1 1 1 0 0 1 0 1 0 1 0 1 0 0 0 0 0 1 0 0 1 1 0 0 0 1 1 0 0 0 0 1 0 0 7.436524868011475
0 1 1 0 1 0 1 0 1 1 1 0 0 0 0 1 0 1 0 1 0 0 0 0 0 1 0 0 1 1 0 0 0 1 1 0 0 0 0 1 0 0 7.550790786743164
0 1 1 0 1 1 1 0 1 1 1 0 0 0 0 1 0 1 0 1 0 0 0 0 0 1 0 0 1 1 0 0 0 1 1 0 0 0 0 1 0 0 7.63831901550293
0 1 1 0 1 1 1 0 1 1 1 0 0 0 0 1 0 1 0 1 0 0 0 0 0 1 0 0 1 0 0 0 0 1 1 0 0 0 0 1 0 0 7.711043357849121
0 1 1 0 1 1 1 0 1 1 1 0 0 0 0 1 0 1 0 1 0 0 0 0 0 1 0 0 1 1 0 0 0 1 1 0 0 0 0 1 0 0 7.63831901550293
0 0 0 0 1 0 0 0 0 1 1 0 0 0 1 1 0 1 0 0 0 0 1 0 0 0 0 1 0 1 0 0 1 1 0 0 0 0 0 0 0 0 4.372835159301758
0 0 0 0 1 0 0 0 0 1 1 0 0 0 1 1 0 1 0 0 0 0 1 0 0 0 0 0 0 1 0 0 1 1 0 0 0 0 0 0 0 0 5.10121488571167
0 0 0 0 1 0 0 0 0 1 1 0 0 0 1 1 0 1 0 0 0 0 1 0 0 1 0 0 0 1 0 0 1 1 0 0 0 0 0 0 0 0 5.703850746154785
0 0 0 0 1 0 0 0 0 1 1 0 0 0 1 1 0 1 0 0 0 0 1 0 0 1 0 0 0 1 1 0 1 1 0 0 0 0 0 0 0 0 6.108872413635254
0 0 0 0 1 0 0 0 0 1 0 0 0 0 1 1 0 1 0 0 0 0 1 0 0 1 0 0 0 1 1 0 1 1 0 0 0 0 0 0 0 0 6.326554298400879
0 0 0 1 1 0 0 0 0 1 0 0 0 0 1 1 0 1 0 0 0 0 1 0 0 1 0 0 0 1 1 0 1 1 0 0 0 0 0 0 0 0 6.63866662979126
0 0 1 1 1 0 0 0 0 1 0 0 0 0 1 1 0 1 0 0 0 0 1 0 0 1 0 0 0 1 1 0 1 1 0 0 0 0 0 0 0 0 6.915821552276611
0 0 1 1 1 0 0 0 0 1 0 0 0 0 1 1 0 1 0 0 0 0 0 0 0 1 0 0 0 1 1 0 1 1 0 0 0 0 0 0 0 0 7.137478351593018
0 0 1 1 1 0 0 0 0 1 0 0 0 0 0 1 0 1 0 0 0 0 0 0 0 1 0 0 0 1 1 0 1 1 0 0 0 0 0 0 0 0 7.3374433517456055
0 0 1 1 1 0 0 0 0 1 0 0 0 0 0 1 0 1 0 0 0 0 0 0 0 1 0 0 0 1 1 0 1 1 0 0 0 0 0 1 0 0 7.453042507171631
0 0 1 1 1 0 0 0 0 1 0 0 0 0 0 0 0 1 0 0 0 0 0 0 0 1 0 0 0 1 1 0 1 1 0 0 0 0 0 1 0 0 7.552269458770752
0 0 1 1 1 0 0 0 0 1 0 0 0 0 0 0 0 1 0 0 0 0 0 0 0 1 0 0 0 1 1 0 1 1 1 0 0 0 0 1 0 0 7.611352920532227
0 0 1 1 1 0 0 0 0 1 0 0 0 0 0 0 0 1 0 0 0 0 0 0 0 1 1 0 0 1 1 0 1 1 1 0 0 0 0 1 0 0 7.652746677398682
0 1 1 1 1 0 0 0 0 1 0 0 0 0 0 0 0 1 0 0 0 0 0 0 0 1 1 0 0 1 1 0 1 1 1 0 0 0 0 1 0 0 7.669666767120361
0 1 1 1 1 0 0 0 1 1 0 0 0 0 0 0 0 1 0 0 0 0 0 0 0 1 1 0 0 1 1 0 1 1 1 0 0 0 0 1 0 0 7.660364151000977
0 1 0 1 1 1 0 0 1 1 0 0 0 0 0 0 0 1 0 0 0 0 0 0 0 1 0 0 0 0 0 0 0 0 1 0 0 1 0 0 0 1 5.092337131500244
0 1 0 1 1 1 0 0 1 1 0 0 0 0 0 0 0 1 0 0 0 0 0 0 0 1 0 0 0 0 0 0 0 0 1 0 0 0 0 0 0 1 5.716552734375
0 1 0 1 1 1 0 0 1 1 0 0 0 0 0 0 0 1 0 0 0 0 0 0 0 1 0 0 0 0 0 0 0 0 1 0 0 0 0 0 0 0 6.284976959228516
0 1 0 1 1 1 0 0 1 1 0 0 0 0 0 0 0 1 0 0 0 0 0 0 0 1 0 0 0 0 1 0 0 0 1 0 0 0 0 0 0 0 6.7078094482421875
0 1 0 1 1 1 0 0 1 1 0 0 0 0 0 0 0 1 0 0 0 0 0 0 0 1 0 0 0 0 1 0 0 1 1 0 0 0 0 0 0 0 6.998291969299316
0 1 1 1 1 1 0 0 1 1 0 0 0 0 0 0 0 1 0 0 0 0 0 0 0 1 0 0 0 0 1 0 0 1 1 0 0 0 0 0 0 0 7.256716728210449
0 1 1 1 1 1 0 0 1 1 0 0 0 0 0 0 0 1 0 0 0 0 0 0 0 1 0 0 0 0 1 0 0 1 1 0 0 0 0 1 0 0 7.678476333618164
0 1 1 1 1 1 1 0 1 1 0 0 0 0 0 0 0 1 0 0 0 0 0 0 0 1 0 0 0 0 1 0 0 1 1 0 0 0 0 1 0 0 7.924302577972412
0 1 1 1 1 1 1 0 1 1 0 0 0 0 0 0 0 1 0 0 0 0 0 0 0 1 0 0 0 1 1 0 0 1 1 0 0 0 0 1 0 0 8.151960372924805
0 1 1 0 1 1 1 0 1 1 0 0 0 0 0 0 0 1 0 0 0 0 0 0 0 1 0 0 0 1 1 0 0 1 1 0 0 0 0 1 0 0 8.164327621459961
0 1 1 1 1 1 1 0 1 1 0 0 0 0 0 0 0 1 0 0 0 0 0 0 0 1 0 0 0 1 1 0 0 1 1 0 0 0 0 1 0 0 8.151960372924805
0 0 0 0 0 0 0 0 0 1 1 0 1 1 1 0 0 0 0 1 0 0 0 0 0 0 0 0 1 0 0 0 0 1 0 1 0 1 0 1 0 0 3.7206976413726807
0 0 0 0 0 0 0 0 0 1 1 0 0 1 1 0 0 0 0 1 0 0 0 0 0 0 0 0 1 0 0 0 0 1 0 1 0 1 0 1 0 0 4.581960678100586
0 0 0 0 0 0 1 0 0 1 1 0 0 1 1 0 0 0 0 1 0 0 0 0 0 0 0 0 1 0 0 0 0 1 0 1 0 1 0 1 0 0 5.413482189178467
0 0 0 0 0 0 1 0 1 1 1 0 0 1 1 0 0 0 0 1 0 0 0 0 0 0 0 0 1 0 0 0 0 1 0 1 0 1 0 1 0 0 6.041764736175537
0 0 0 0 0 0 1 0 1 0 1 0 0 1 1 0 0 0 0 1 0 0 0 0 0 0 0 0 1 0 0 0 0 1 0 1 0 1 0 1 0 0 6.403722763061523
0 0 0 0 0 1 1 0 1 0 1 0 0 1 1 0 0 0 0 1 0 0 0 0 0 0 0 0 1 0 0 0 0 1 0 1 0 1 0 1 0 0 6.684484481811523
0 0 0 0 0 1 1 0 1 0 1 0 0 1 1 0 0 0 0 1 0 0 0 0 0 0 0 1 1 0 0 0 0 1 0 1 0 1 0 1 0 0 6.8948445320129395
0 0 0 0 0 1 1 0 1 0 1 0 0 1 1 0 0 0 0 1 1 0 0 0 0 0 0 1 1 0 0 0 0 1 0 1 0 1 0 1 0 0 7.0794219970703125
0 0 0 0 0 1 1 0 1 0 1 0 0 1 1 0 0 0 0 1 1 0 0 0 0 0 0 1 0 0 0 0 0 1 0 1 0 1 0 1 0 0 7.251615524291992
0 0 0 0 0 1 1 0 1 0 1 0 0 1 1 1 0 0 0 1 1 0 0 0 0 0 0 1 0 0 0 0 0 1 0 1 0 1 0 1 0 0 7.422438144683838
0 0 0 0 0 1 1 0 1 0 1 0 0 1 1 1 0 0 0 1 1 0 0 0 0 0 0 1 0 0 0 0 0 1 1 1 0 1 0 1 0 0 7.518813610076904
0 0 0 0 0 1 1 0 1 0 1 0 0 1 1 1 0 0 0 1 1 1 0 0 0 0 0 1 0 0 0 0 0 1 1 1 0 1 0 1 0 0 7.5699381828308105
0 0 0 0 0 1 1 0 1 0 1 0 0 1 1 1 0 0 0 1 1 0 0 0 0 0 0 1 0 0 0 0 0 1 1 1 0 1 0 1 0 0 7.518813610076904
0 1 0 1 0 0 0 0 0 1 1 0 0 0 0 1 0 1 0 0 0 0 0 0 0 1 0 0 1 0 0 1 0 1 0 0 0 0 0 0 0 1 5.061460018157959
0 1 0 1 0 0 0 0 0 1 1 0 0 0 0 1 0 1 0 0 0 0 0 0 0 1 0 0 1 0 0 1 0 0 0 0 0 0 0 0 0 1 5.2930803298950195
0 1 0 1 0 0 0 0 0 1 1 0 0 0 0 1 0 1 0 0 0 0 0 0 0 1 0 0 1 0 0 1 0 0 1 0 0 0 0 0 0 1 5.492079257965088
0 1 0 1 1 0 0 0 0 1 1 0 0 0 0 1 0 1 0 0 0 0 0 0 0 1 0 0 1 0 0 1 0 0 1 0 0 0 0 0 0 1 5.669189453125
0 1 0 1 1 0 0 0 0 1 1 0 0 0 0 1 0 1 0 0 0 0 0 0 0 1 0 0 1 0 0 1 1 0 1 0 0 0 0 0 0 1 5.8831634521484375
0 1 0 1 1 0 0 0 0 1 1 0 1 0 0 1 0 1 0 0 0 0 0 0 0 1 0 0 1 0 0 1 1 0 1 0 0 0 0 0 0 1 5.987656593322754
0 1 0 1 1 0 0 0 0 1 1 0 1 0 0 1 0 1 0 0 0 0 0 0 0 1 0 0 1 0 0 1 1 0 1 0 0 0 1 0 0 1 6.1106157302856445
0 1 0 1 1 0 0 0 0 1 1 0 1 0 0 1 0 1 0 0 0 0 0 0 0 1 0 0 1 1 0 1 1 0 1 0 0 0 1 0 0 1 6.2343573570251465
0 1 0 1 1 0 0 0 0 1 1 0 1 0 0 1 1 1 0 0 0 0 0 0 0 1 0 0 1 1 0 1 1 0 1 0 0 0 1 0 0 1 6.311997890472412
0 1 0 1 1 0 1 0 0 1 1 0 1 0 0 1 1 1 0 0 0 0 0 0 0 1 0 0 1 1 0 1 1 0 1 0 0 0 1 0 0 1 6.363794326782227
0 1 0 1 1 0 1 0 1 1 1 0 1 0 0 1 1 1 0 0 0 0 0 0 0 1 0 0 1 1 0 1 1 0 1 0 0 0 1 0 0 1 6.397422790527344
0 1 0 1 1 0 1 0 1 1 1 0 1 0 0 1 1 1 0 0 0 0 0 0 0 1 0 0 1 1 1 1 1 0 1 0 0 0 1 0 0 1 6.423360347747803
0 1 0 1 1 0 1 0 1 1 1 0 1 0 0 1 1 1 0 0 0 0 0 0 0 1 0 0 1 1 1 1 1 0 1 0 0 0 1 1 0 1 6.446902275085449
0 1 0 1 1 0 1 0 1 1 1 0 1 0 0 1 1 1 0 1 0 0 0 0 0 1 0 0 1 1 1 1 1 0 1 0 0 0 1 1 0 1 6.465268611907959
0 1 0 1 1 0 1 0 1 1 1 0 1 0 0 1 1 1 0 0 0 0 0 0 0 1 0 0 1 1 1 1 1 0 1 0 0 0 1 1 0 1 6.446902275085449
0 0 0 1 1 1 0 0 1 0 1 0 0 0 0 1 0 0 1 0 0 0 0 0 0 1 0 0 0 1 0 0 0 1 0 0 0 0 0 0 0 1 3.9492576122283936
0 0 0 1 1 1 1 0 1 0 1 0 0 0 0 1 0 0 1 0 0 0 0 0 0 1 0 0 0 1 0 0 0 1 0 0 0 0 0 0 0 1 4.614494800567627
0 0 0 1 1 1 1 0 1 0 1 0 0 0 0 1 0 0 1 0 0 0 0 0 0 1 0 0 0 1 0 0 0 1 0 0 0 0 0 1 0 1 5.205629825592041
0 0 0 1 1 1 1 0 1 0 1 0 0 0 0 1 0 0 1 0 0 0 0 0 0 1 0 0 0 1 0 0 0 1 0 0 0 0 0 1 0 0 5.740642547607422
0 0 0 1 1 1 1 0 1 0 1 0 0 0 0 1 0 0 1 1 0 0 0 0 0 1 0 0 0 1 0 0 0 1 0 0 0 0 0 1 0 0 6.155955791473389
0 0 1 1 1 1 1 0 1 0 1 0 0 0 0 1 0 0 1 1 0 0 0 0 0 1 0 0 0 1 0 0 0 1 0 0 0 0 0 1 0 0 6.443322658538818
0 0 1 1 1 1 1 0 1 1 1 0 0 0 0 1 0 0 1 1 0 0 0 0 0 1 0 0 0 1 0 0 0 1 0 0 0 0 0 1 0 0 6.716970443725586
0 0 1 1 1 1 1 0 1 1 1 0 0 0 0 1 0 0 1 1 0 0 0 0 0 1 0 0 1 1 0 0 0 1 0 0 0 0 0 1 0 0 6.964877605438232
0 0 1 1 1 1 1 0 1 1 1 0 0 0 0 1 0 0 1 1 0 0 0 0 0 1 0 0 1 1 0 0 0 1 1 0 0 0 0 1 0 0 7.148932933807373
0 0 1 1 1 1 1 0 1 1 1 0 0 0 0 1 0 1 1 1 0 0 0 0 0 1 0 0 1 1 0 0 0 1 1 0 0 0 0 1 0 0 7.295187950134277
0 1 1 1 1 1 1 0 1 1 1 0 0 0 0 1 0 1 1 1 0 0 0 0 0 1 0 0 1 1 0 0 0 1 1 0 0 0 0 1 0 0 7.5256757736206055
0 1 1 1 1 1 1 0 1 1 0 0 0 0 0 1 0 1 1 1 0 0 0 0 0 1 0 0 1 1 0 0 0 1 1 0 0 0 0 1 0 0 7.620777606964111
0 1 1 1 1 1 1 0 1 1 0 0 0 0 0 1 0 1 0 1 0 0 0 0 0 1 0 0 1 1 0 0 0 1 1 0 0 0 0 1 0 0 7.626768589019775
0 1 1 1 1 1 1 0 1 1 0 0 0 0 0 1 0 1 0 1 0 0 0 0 0 1 0 0 0 1 0 0 0 1 1 0 0 0 0 1 0 0 7.7688679695129395
0 1 1 1 1 1 1 0 1 1 0 0 0 0 0 1 0 1 0 0 0 0 0 0 0 1 0 0 0 1 0 0 0 1 1 0 0 0 0 1 0 0 7.932598114013672
0 1 1 1 1 1 1 0 1 1 0 0 0 0 0 1 0 1 0 0 0 0 0 0 0 1 0 0 0 1 1 0 0 1 1 0 0 0 0 1 0 0 8.039909362792969
0 1 1 1 1 1 1 0 1 1 0 0 0 0 0 0 0 1 0 0 0 0 0 0 0 1 0 0 0 1 1 0 0 1 1 0 0 0 0 1 0 0 8.151960372924805
0 1 1 0 1 1 1 0 1 1 0 0 0 0 0 0 0 1 0 0 0 0 0 0 0 1 0 0 0 1 1 0 0 1 1 0 0 0 0 1 0 0 8.164327621459961
0 1 1 1 1 1 1 0 1 1 0 0 0 0 0 0 0 1 0 0 0 0 0 0 0 1 0 0 0 1 1 0 0 1 1 0 0 0 0 1 0 0 8.151960372924805
0 0 1 0 1 0 0 0 0 1 1 0 0 0 0 1 0 1 0 0 0 0 0 0 0 1 0 0 1 1 0 0 0 1 1 0 0 0 0 0 0 0 5.972597122192383
0 0 1 0 1 0 1 0 0 1 1 0 0 0 0 1 0 1 0 0 0 0 0 0 0 1 0 0 1 1 0 0 0 1 1 0 0 0 0 0 0 0 6.340014457702637
0 0 1 0 1 0 1 0 0 1 1 0 0 0 0 1 0 1 0 0 0 0 0 0 0 1 0 0 1 1 0 0 0 1 1 0 0 0 0 1 0 0 6.932631969451904
0 0 1 0 1 0 1 0 0 1 1 0 0 0 0 1 0 1 0 1 0 0 0 0 0 1 0 0 1 1 0 0 0 1 1 0 0 0 0 1 0 0 7.244253158569336
0 0 1 0 1 0 1 0 1 1 1 0 0 0 0 1 0 1 0 1 0 0 0 0 0 1 0 0 1 1 0 0 0 1 1 0 0 0 0 1 0 0 7.436230659484863
0 1 1 0 1 0 1 0 1 1 1 0 0 0 0 1 0 1 0 1 0 0 0 0 0 1 0 0 1 1 0 0 0 1 1 0 0 0 0 1 0 0 7.550790786743164
0 1 1 0 1 1 1 0 1 1 1 0 0 0 0 1 0 1 0 1 0 0 0 0 0 1 0 0 1 1 0 0 0 1 1 0 0 0 0 1 0 0 7.63831901550293
0 1 1 0 1 1 1 0 1 1 1 0 0 0 0 1 0 1 0 1 0 0 0 0 0 1 0 0 1 0 0 0 0 1 1 0 0 0 0 1 0 0 7.711043357849121
0 1 1 0 1 1 1 0 1 1 1 0 0 0 0 1 0 1 0 1 0 0 0 0 0 1 0 0 1 1 0 0 0 1 1 0 0 0 0 1 0 0 7.63831901550293
0 1 0 0 0 1 0 0 0 1 0 0 0 1 0 0 0 1 0 0 1 1 0 0 0 0 0 0 1 0 0 0 1 0 1 1 0 0 0 0 0 0 3.563859701156616
0 1 0 0 1 1 0 0 0 1 0 0 0 1 0 0 0 1 0 0 1 1 0 0 0 0 0 0 1 0 0 0 1 0 1 1 0 0 0 0 0 0 4.2718377113342285
0 1 0 0 1 1 0 0 0 1 0 0 0 0 0 0 0 1 0 0 1 1 0 0 0 0 0 0 1 0 0 0 1 0 1 1 0 0 0 0 0 0 4.699655055999756
0 1 0 0 1 1 0 0 0 1 0 0 0 0 0 0 0 1 0 0 1 0 0 0 0 0 0 0 1 0 0 0 1 0 1 1 0 0 0 0 0 0 5.1196208000183105
0 1 0 0 1 1 0 0 0 1 0 0 0 0 0 0 0 1 0 0 1 0 0 0 0 1 0 0 1 0 0 0 1 0 1 1 0 0 0 0 0 0 5.5270538330078125
0 1 0 0 1 1 0 0 0 1 0 0 0 0 0 0 0 1 0 0 1 0 0 0 0 1 0 0 1 0 1 0 1 0 1 1 0 0 0 0 0 0 5.965659141540527
0 1 0 0 1 1 0 0 0 1 0 0 0 0 0 0 0 1 0 0 1 0 0 0 0 1 0 0 0 0 1 0 1 0 1 1 0 0 0 0 0 0 6.297630786895752
0 1 0 0 1 1 0 0 0 1 0 0 0 0 0 0 0 1 0 0 1 0 0 0 0 1 0 0 0 0 1 0 1 1 1 1 0 0 0 0 0 0 6.597397327423096
0 1 1 0 1 1 0 0 0 1 0 0 0 0 0 0 0 1 0 0 1 0 0 0 0 1 0 0 0 0 1 0 1 1 1 1 0 0 0 0 0 0 6.850088596343994
0 1 1 0 1 1 0 0 0 1 0 0 0 0 0 0 0 1 0 0 1 0 0 0 0 1 0 0 0 0 1 0 1 1 1 0 0 0 0 0 0 0 7.082540988922119
0 1 1 1 1 1 0 0 0 1 0 0 0 0 0 0 0 1 0 0 1 0 0 0 0 1 0 0 0 0 1 0 1 1 1 0 0 0 0 0 0 0 7.296994209289551
0 1 1 1 1 1 0 0 0 1 0 0 0 0 0 0 0 1 0 0 1 0 0 0 0 1 0 0 0 0 1 0 1 1 1 0 0 0 0 1 0 0 7.439607620239258
0 1 1 1 1 1 0 0 0 1 0 0 0 0 0 0 0 1 0 0 1 0 0 0 0 1 0 0 0 1 1 0 1 1 1 0 0 0 0 1 0 0 7.562368392944336
0 1 1 1 1 1 0 0 0 1 0 0 0 0 0 0 0 1 0 0 0 0 0 0 0 1 0 0 0 1 1 0 1 1 1 0 0 0 0 1 0 0 7.620390892028809
0 1 1 1 1 1 0 0 0 1 0 0 0 0 0 0 0 1 0 0 0 0 0 0 0 1 0 0 0 1 1 0 0 1 1 0 0 0 0 1 0 0 7.676425457000732
0 1 1 1 1 1 1 0 0 1 0 0 0 0 0 0 0 1 0 0 0 0 0 0 0 1 0 0 0 1 1 0 0 1 1 0 0 0 0 1 0 0 7.928101539611816
0 1 1 1 1 1 1 0 1 1 0 0 0 0 0 0 0 1 0 0 0 0 0 0 0 1 0 0 0 1 1 0 0 1 1 0 0 0 0 1 0 0 8.151960372924805
0 1 1 0 1 1 1 0 1 1 0 0 0 0 0 0 0 1 0 0 0 0 0 0 0 1 0 0 0 1 1 0 0 1 1 0 0 0 0 1 0 0 8.164327621459961
0 1 1 1 1 1 1 0 1 1 0 0 0 0 0 0 0 1 0 0 0 0 0 0 0 1 0 0 0 1 1 0 0 1 1 0 0 0 0 1 0 0 8.151960372924805
0 1 0 1 0 0 0 0 1 1 0 0 0 0 0 1 0 0 1 0 0 0 0 0 0 1 0 1 0 1 0 0 0 1 0 0 0 1 0 0 0 0 3.620804786682129
0 1 0 1 0 0 0 0 1 1 0 0 0 0 0 1 0 0 1 0 0 0 0 0 0 1 0 0 0 1 0 0 0 1 0 0 0 1 0 0 0 0 4.3462982177734375
0 1 0 1 0 0 1 0 1 1 0 0 0 0 0 1 0 0 1 0 0 0 0 0 0 1 0 0 0 1 0 0 0 1 0 0 0 1 0 0 0 0 5.010395050048828
0 1 0 1 0 0 1 0 1 1 0 0 0 0 0 1 0 0 1 0 0 0 0 0 0 1 0 0 0 1 0 0 0 1 0 0 0 1 0 1 0 0 5.581017017364502
0 1 0 1 0 0 1 0 1 1 0 0 0 0 0 1 0 0 1 0 0 0 0 0 0 1 0 0 0 1 0 0 0 1 0 0 0 0 0 1 0 0 6.1094279289245605
0 1 0 1 0 0 1 0 1 1 0 0 0 0 0 1 0 0 1 1 0 0 0 0 0 1 0 0 0 1 0 0 0 1 0 0 0 0 0 1 0 0 6.547071933746338
0 1 0 1 0 0 1 0 1 1 0 0 0 0 0 1 0 0 1 1 0 0 0 0 0 1 0 0 1 1 0 0 0 1 0 0 0 0 0 1 0 0 6.762096881866455
0 1 1 1 0 0 1 0 1 1 0 0 0 0 0 1 0 0 1 1 0 0 0 0 0 1 0 0 1 1 0 0 0 1 0 0 0 0 0 1 0 0 6.955110549926758
0 1 1 1 0 0 1 0 1 1 0 0 0 0 0 1 0 1 1 1 0 0 0 0 0 1 0 0 1 1 0 0 0 1 0 0 0 0 0 1 0 0 7.200710296630859
0 1 1 1 1 0 1 0 1 1 0 0 0 0 0 1 0 1 1 1 0 0 0 0 0 1 0 0 1 1 0 0 0 1 0 0 0 0 0 1 0 0 7.401646614074707
0 1 1 1 1 0 1 0 1 1 0 0 0 0 0 1 0 1 1 1 0 0 0 0 0 1 0 0 1 1 0 0 0 1 1 0 0 0 0 1 0 0 7.537397861480713
0 1 1 1 1 1 1 0 1 1 0 0 0 0 0 1 0 1 1 1 0 0 0 0 0 1 0 0 1 1 0 0 0 1 1 0 0 0 0 1 0 0 7.620777606964111
0 1 1 1 1 1 1 0 1 1 0 0 0 0 0 1 0 1 0 1 0 0 0 0 0 1 0 0 1 1 0 0 0 1 1 0 0 0 0 1 0 0 7.626768589019775
0 1 1 1 1 1 1 0 1 1 0 0 0 0 0 1 0 1 0 1 0 0 0 0 0 1 0 0 0 1 0 0 0 1 1 0 0 0 0 1 0 0 7.7688679695129395
0 1 1 1 1 1 1 0 1 1 0 0 0 0 0 1 0 1 0 0 0 0 0 0 0 1 0 0 0 1 0 0 0 1 1 0 0 0 0 1 0 0 7.932598114013672
0 1 1 1 1 1 1 0 1 1 0 0 0 0 0 1 0 1 0 0 0 0 0 0 0 1 0 0 0 1 1 0 0 1 1 0 0 0 0 1 0 0 8.039909362792969
0 1 1 1 1 1 1 0 1 1 0 0 0 0 0 0 0 1 0 0 0 0 0 0 0 1 0 0 0 1 1 0 0 1 1 0 0 0 0 1 0 0 8.151960372924805
0 1 1 0 1 1 1 0 1 1 0 0 0 0 0 0 0 1 0 0 0 0 0 0 0 1 0 0 0 1 1 0 0 1 1 0 0 0 0 1 0 0 8.164327621459961
0 1 1 1 1 1 1 0 1 1 0 0 0 0 0 0 0 1 0 0 0 0 0 0 0 1 0 0 0 1 1 0 0 1 1 0 0 0 0 1 0 0 8.151960372924805
0 0 0 0 0 1 0 0 1 1 0 0 1 1 1 0 0 0 0 1 0 0 0 0 0 0 0 0 0 0 0 0 1 1 0 0 0 1 0 1 0 0 4.395601749420166
0 0 0 0 0 1 0 0 1 1 0 0 0 1 1 0 0 0 0 1 0 0 0 0 0 0 0 0 0 0 0 0 1 1 0 0 0 1 0 1 0 0 5.305474281311035
0 0 0 0 0 1 1 0 1 1 0 0 0 1 1 0 0 0 0 1 0 0 0 0 0 0 0 0 0 0 0 0 1 1 0 0 0 1 0 1 0 0 6.180843353271484
0 0 0 0 0 1 1 0 1 1 0 0 0 1 1 1 0 0 0 1 0 0 0 0 0 0 0 0 0 0 0 0 1 1 0 0 0 1 0 1 0 0 6.691271781921387
0 0 0 0 0 1 1 0 1 1 0 0 0 1 1 1 0 0 0 1 0 0 0 0 0 0 0 0 0 0 0 0 1 1 0 0 0 0 0 1 0 0 6.94437837600708
0 0 0 0 0 1 1 0 1 1 1 0 0 1 1 1 0 0 0 1 0 0 0 0 0 0 0 0 0 0 0 0 1 1 0 0 0 0 0 1 0 0 7.1708784103393555
0 0 0 0 0 1 1 0 1 1 1 0 0 0 1 1 0 0 0 1 0 0 0 0 0 0 0 0 0 0 0 0 1 1 0 0 0 0 0 1 0 0 7.390376567840576
0 0 0 0 0 1 1 0 1 1 1 0 0 0 1 1 0 0 0 1 0 0 0 0 0 1 0 0 0 0 0 0 1 1 0 0 0 0 0 1 0 0 7.550872325897217
0 0 0 0 0 1 1 0 1 1 1 0 0 0 1 1 0 0 0 1 0 0 0 0 0 1 0 0 0 0 0 0 1 1 1 0 0 0 0 1 0 0 7.680810928344727
0 0 0 0 0 1 1 0 1 1 1 0 0 0 1 1 0 0 0 1 0 0 0 0 0 1 0 0 1 0 0 0 1 1 1 0 0 0 0 1 0 0 7.7031941413879395
0 0 0 0 0 1 1 0 1 1 1 0 0 0 1 1 0 0 0 1 0 0 0 0 0 1 0 0 0 0 0 0 1 1 1 0 0 0 0 1 0 0 7.680810928344727
0 1 0 1 1 0 0 0 0 0 0 0 0 1 0 0 0 0 1 0 0 0 0 0 0 1 0 1 0 1 0 0 0 0 0 0 0 0 1 0 0 0 2.9664254188537598
0 1 0 1 1 0 0 0 0 0 0 0 0 1 0 0 0 1 1 0 0 0 0 0 0 1 0 1 0 1 0 0 0 0 0 0 0 0 1 0 0 0 3.6434073448181152
0 1 0 1 1 0 0 0 0 1 0 0 0 1 0 0 0 1 1 0 0 0 0 0 0 1 0 1 0 1 0 0 0 0 0 0 0 0 1 0 0 0 4.624265193939209
0 1 0 1 1 0 0 0 0 1 0 0 0 1 0 0 0 1 1 0 0 0 0 0 0 1 0 0 0 1 0 0 0 0 0 0 0 0 1 0 0 0 5.307900428771973
0 1 0 1 1 0 0 0 0 1 0 0 0 1 0 0 0 1 0 0 0 0 0 0 0 1 0 0 0 1 0 0 0 0 0 0 0 0 1 0 0 0 5.886234760284424
0 1 0 1 1 0 0 0 0 1 0 0 0 0 0 0 0 1 0 0 0 0 0 0 0 1 0 0 0 1 0 0 0 0 0 0 0 0 1 0 0 0 6.366537570953369
0 1 0 1 1 0 0 0 0 1 0 0 0 0 0 0 0 1 0 0 0 0 0 0 0 1 0 0 0 1 1 0 0 0 0 0 0 0 1 0 0 0 6.637730598449707
0 1 0 1 1 0 0 0 0 1 0 0 0 0 0 0 0 1 0 0 0 0 0 0 0 1 0 0 0 1 1 0 0 1 0 0 0 0 1 0 0 0 7.030547142028809
0 1 1 1 1 0 0 0 0 1 0 0 0 0 0 0 0 1 0 0 0 0 0 0 0 1 0 0 0 1 1 0 0 1 0 0 0 0 1 0 0 0 7.3078813552856445
0 1 1 1 1 0 0 0 0 1 0 0 0 0 0 0 0 1 0 0 0 0 0 0 0 1 0 0 0 1 1 0 0 1 0 0 0 0 0 0 0 0 7.422208786010742
0 1 1 1 1 0 0 0 0 1 0 0 0 0 0 0 0 1 0 0 0 0 0 0 0 1 0 0 0 1 1 0 0 1 0 0 0 0 0 1 0 0 7.513516902923584
0 1 1 1 1 0 1 0 0 1 0 0 0 0 0 0 0 1 0 0 0 0 0 0 0 1 0 0 0 1 1 0 0 1 0 0 0 0 0 1 0 0 7.582998752593994
0 1 1 1 1 0 1 0 1 1 0 0 0 0 0 0 0 1 0 0 0 0 0 0 0 1 0 0 0 1 1 0 0 1 0 0 0 0 0 1 0 0 7.794827938079834
0 1 1 1 1 1 1 0 1 1 0 0 0 0 0 0 0 1 0 0 0 0 0 0 0 1 0 0 0 1 1 0 0 1 0 0 0 0 0 1 0 0 7.97606086730957
0 1 1 1 1 1 1 0 1 1 0 0 0 0 0 0 0 1 0 0 0 0 0 0 0 1 0 0 0 1 1 0 0 1 1 0 0 0 0 1 0 0 8.151960372924805
0 1 1 0 1 1 1 0 1 1 0 0 0 0 0 0 0 1 0 0 0 0 0 0 0 1 0 0 0 1 1 0 0 1 1 0 0 0 0 1 0 0 8.164327621459961
0 1 1 1 1 1 1 0 1 1 0 0 0 0 0 0 0 1 0 0 0 0 0 0 0 1 0 0 0 1 1 0 0 1 1 0 0 0 0 1 0 0 8.151960372924805
0 1 0 0 1 1 0 0 1 0 0 0 0 1 1 0 0 0 1 0 0 0 0 0 0 1 0 0 0 1 0 0 0 1 0 0 0 1 0 0 0 0 3.971916437149048
0 1 0 0 1 1 0 0 1 0 0 0 0 1 1 0 0 1 1 0 0 0 0 0 0 1 0 0 0 1 0 0 0 1 0 0 0 1 0 0 0 0 4.628725528717041
0 1 0 0 1 1 0 0 1 1 0 0 0 1 1 0 0 1 1 0 0 0 0 0 0 1 0 0 0 1 0 0 0 1 0 0 0 1 0 0 0 0 5.280190944671631
0 1 0 0 1 1 0 0 1 1 0 0 0 1 1 0 0 1 1 0 0 0 0 0 0 1 0 0 0 1 0 0 0 1 0 0 0 0 0 0 0 0 5.847984790802002
0 1 1 0 1 1 0 0 1 1 0 0 0 1 1 0 0 1 1 0 0 0 0 0 0 1 0 0 0 1 0 0 0 1 0 0 0 0 0 0 0 0 6.391361713409424
0 1 1 0 1 1 0 0 1 1 0 0 0 1 1 0 0 1 1 0 0 0 0 0 0 1 0 0 0 1 0 0 0 1 0 0 0 0 0 1 0 0 6.875669002532959
0 1 1 0 1 1 0 0 1 1 0 0 0 1 0 0 0 1 1 0 0 0 0 0 0 1 0 0 0 1 0 0 0 1 0 0 0 0 0 1 0 0 7.176632881164551
0 1 1 0 1 1 1 0 1 1 0 0 0 1 0 0 0 1 1 0 0 0 0 0 0 1 0 0 0 1 0 0 0 1 0 0 0 0 0 1 0 0 7.431381702423096
0 1 1 0 1 1 1 0 1 1 0 0 0 0 0 0 0 1 1 0 0 0 0 0 0 1 0 0 0 1 0 0 0 1 0 0 0 0 0 1 0 0 7.66163969039917
0 1 1 0 1 1 1 0 1 1 0 0 0 0 0 0 0 1 0 0 0 0 0 0 0 1 0 0 0 1 0 0 0 1 0 0 0 0 0 1 0 0 7.849875450134277
0 1 1 0 1 1 1 0 1 1 0 0 0 0 0 0 0 1 0 0 0 0 0 0 0 1 0 0 0 1 0 0 0 1 1 0 0 0 0 1 0 0 8.027826309204102
0 1 1 0 1 1 1 0 1 1 0 0 0 0 0 0 0 1 0 0 0 0 0 0 0 1 0 0 0 1 1 0 0 1 1 0 0 0 0 1 0 0 8.164327621459961
0 1 1 1 1 1 1 0 1 1 0 0 0 0 0 0 0 1 0 0 0 0 0 0 0 1 0 0 0 1 1 0 0 1 1 0 0 0 0 1 0 0 8.151960372924805
0 0 0 0 0 1 0 0 1 1 1 0 0 0 1 0 1 1 0 0 1 0 0 0 0 0 0 0 0 1 0 0 0 1 1 0 0 0 0 0 0 0 4.177283763885498
0 0 0 0 1 1 0 0 1 1 1 0 0 0 1 0 1 1 0 0 1 0 0 0 0 0 0 0 0 1 0 0 0 1 1 0 0 0 0 0 0 0 5.122769832611084
0 0 0 0 1 1 0 0 1 1 1 0 0 0 1 0 1 1 0 0 1 0 0 0 0 1 0 0 0 1 0 0 0 1 1 0 0 0 0 0 0 0 5.625802993774414
0 0 0 0 1 1 0 0 1 1 1 0 0 0 1 0 1 1 0 0 1 0 0 0 0 1 0 0 0 1 1 0 0 1 1 0 0 0 0 0 0 0 6.055924415588379
0 0 0 0 1 1 0 0 1 1 0 0 0 0 1 0 1 1 0 0 1 0 0 0 0 1 0 0 0 1 1 0 0 1 1 0 0 0 0 0 0 0 6.304649829864502
0 0 0 1 1 1 0 0 1 1 0 0 0 0 1 0 1 1 0 0 1 0 0 0 0 1 0 0 0 1 1 0 0 1 1 0 0 0 0 0 0 0 6.581873893737793
0 0 0 1 1 1 0 0 1 1 0 0 0 0 1 0 0 1 0 0 1 0 0 0 0 1 0 0 0 1 1 0 0 1 1 0 0 0 0 0 0 0 6.868096351623535
0 0 1 1 1 1 0 0 1 1 0 0 0 0 1 0 0 1 0 0 1 0 0 0 0 1 0 0 0 1 1 0 0 1 1 0 0 0 0 0 0 0 7.124544143676758
0 0 1 1 1 1 0 0 1 1 0 0 0 0 0 0 0 1 0 0 1 0 0 0 0 1 0 0 0 1 1 0 0 1 1 0 0 0 0 0 0 0 7.306618690490723
0 0 1 1 1 1 0 0 1 1 0 0 0 0 0 0 0 1 0 0 1 0 0 0 0 1 0 0 0 1 1 0 0 1 1 0 0 0 0 1 0 0 7.453466892242432
0 1 1 1 1 1 0 0 1 1 0 0 0 0 0 0 0 1 0 0 1 0 0 0 0 1 0 0 0 1 1 0 0 1 1 0 0 0 0 1 0 0 7.721195697784424
0 1 1 1 1 1 1 0 1 1 0 0 0 0 0 0 0 1 0 0 1 0 0 0 0 1 0 0 0 1 1 0 0 1 1 0 0 0 0 1 0 0 7.965176105499268
0 1 1 1 1 1 1 0 1 1 0 0 0 0 0 0 0 1 0 0 0 0 0 0 0 1 0 0 0 1 1 0 0 1 1 0 0 0 0 1 0 0 8.151960372924805
0 1 1 0 1 1 1 0 1 1 0 0 0 0 0 0 0 1 0 0 0 0 0 0 0 1 0 0 0 1 1 0 0 1 1 0 0 0 0 1 0 0 8.164327621459961
0 1 1 1 1 1 1 0 1 1 0 0 0 0 0 0 0 1 0 0 0 0 0 0 0 1 0 0 0 1 1 0 0 1 1 0 0 0 0 1 0 0 8.151960372924805
0 0 0 1 1 0 0 0 0 0 0 1 0 0 0 0 0 0 1 1 0 0 0 0 1 0 1 0 1 1 0 0 0 0 0 0 0 0 1 0 0 1 3.624546766281128
0 0 0 1 1 0 0 0 0 0 0 1 0 0 0 0 0 0 1 1 0 0 0 0 1 0 1 0 1 1 1 0 0 0 0 0 0 0 1 0 0 1 3.9865944385528564
0 0 0 1 1 0 0 0 0 0 0 1 0 0 0 0 0 0 1 0 0 0 0 0 1 0 1 0 1 1 1 0 0 0 0 0 0 0 1 0 0 1 4.383546352386475
0 0 0 1 1 0 0 0 0 0 0 1 0 0 0 0 0 1 1 0 0 0 0 0 1 0 1 0 1 1 1 0 0 0 0 0 0 0 1 0 0 1 4.783392906188965
0 0 0 1 1 0 0 0 0 0 0 1 0 0 0 0 0 1 1 0 0 0 0 0 1 0 1 0 1 1 1 0 0 0 0 0 0 0 1 0 0 0 5.356931209564209
0 0 0 1 1 0 0 0 0 1 0 1 0 0 0 0 0 1 1 0 0 0 0 0 1 0 1 0 1 1 1 0 0 0 0 0 0 0 1 0 0 0 6.010776042938232
0 0 0 1 1 0 0 0 0 1 0 1 0 0 0 0 0 1 1 0 0 0 0 0 1 1 1 0 1 1 1 0 0 0 0 0 0 0 1 0 0 0 6.429786682128906
0 0 0 1 1 0 0 0 0 1 0 1 0 0 0 0 0 1 1 0 0 0 0 0 1 1 1 0 0 1 1 0 0 0 0 0 0 0 1 0 0 0 6.721583366394043
0 0 0 1 1 0 0 0 0 1 0 1 0 0 0 0 0 1 0 0 0 0 0 0 1 1 1 0 0 1 1 0 0 0 0 0 0 0 1 0 0 0 6.998422145843506
0 0 0 1 1 0 0 0 0 1 0 0 0 0 0 0 0 1 0 0 0 0 0 0 1 1 1 0 0 1 1 0 0 0 0 0 0 0 1 0 0 0 7.180934906005859
0 0 0 1 1 0 0 0 0 1 0 0 0 0 0 0 0 1 0 0 0 0 1 0 1 1 1 0 0 1 1 0 0 0 0 0 0 0 1 0 0 0 7.239530086517334
0 0 0 1 1 0 0 0 1 1 0 0 0 0 0 0 0 1 0 0 0 0 1 0 1 1 1 0 0 1 1 0 0 0 0 0 0 0 1 0 0 0 7.210994720458984
