 	0 	1 	2 	3 	4 	5 	6 	7 	8 	9 	10 	11 	12 	13 	14 	15 	16 	17 	18 	19 	20 	21 	22 	23 	24 	25 	26 	27 	28 	29 	30 	31 	32 	33 	34 	35 	36 	37 	38 	39 	40 	41
729330 	0 	0 	1 	0 	1 	1 	0 	0 	1 	0 	0 	0 	0 	1 	1 	1 	0 	0 	0 	0 	0 	0 	0 	0 	0 	0 	0 	0 	0 	1 	0 	0 	0 	1 	1 	0 	0 	0 	0 	0 	0 	0
753361 	0 	0 	1 	0 	1 	0 	0 	0 	0 	1 	1 	0 	0 	0 	0 	1 	0 	0 	1 	0 	0 	0 	0 	0 	0 	1 	0 	0 	0 	1 	0 	0 	0 	1 	0 	0 	0 	0 	0 	0 	0 	1
1275663 	0 	0 	0 	0 	0 	1 	0 	0 	1 	0 	0 	0 	0 	0 	0 	0 	1 	1 	0 	0 	1 	1 	0 	0 	0 	0 	0 	0 	1 	0 	1 	0 	0 	0 	0 	1 	0 	0 	0 	1 	0 	0
1210086 	0 	0 	0 	0 	1 	0 	0 	0 	0 	0 	0 	0 	0 	0 	1 	1 	0 	0 	1 	1 	0 	0 	0 	0 	0 	1 	1 	0 	0 	1 	0 	1 	0 	0 	0 	0 	0 	0 	0 	0 	0 	1
1263590 	0 	0 	0 	0 	0 	1 	0 	0 	1 	1 	0 	0 	0 	1 	0 	0 	1 	1 	0 	0 	0 	0 	0 	0 	1 	0 	0 	0 	0 	1 	0 	0 	0 	0 	1 	0 	0 	0 	0 	1 	0 	0
499100 	0 	1 	0 	0 	1 	1 	0 	0 	1 	0 	0 	0 	0 	1 	1 	1 	0 	0 	0 	0 	0 	0 	0 	0 	0 	0 	0 	0 	0 	1 	0 	0 	0 	1 	1 	0 	0 	0 	0 	0 	0 	0
523124 	0 	1 	0 	0 	1 	0 	0 	0 	0 	1 	1 	0 	0 	0 	0 	1 	0 	1 	0 	0 	0 	0 	0 	0 	0 	0 	0 	0 	1 	1 	0 	0 	0 	1 	1 	0 	0 	0 	0 	0 	0 	0
1274868 	0 	0 	0 	0 	0 	1 	0 	0 	1 	0 	0 	0 	0 	0 	0 	1 	1 	1 	1 	0 	0 	0 	0 	0 	0 	0 	1 	0 	0 	0 	0 	0 	1 	1 	1 	0 	0 	0 	0 	0 	0 	0
523131 	0 	1 	0 	0 	1 	0 	0 	0 	0 	1 	1 	0 	0 	0 	0 	1 	0 	0 	1 	0 	0 	0 	0 	0 	0 	1 	0 	0 	0 	1 	0 	0 	0 	1 	0 	0 	0 	0 	0 	0 	0 	1
457776 	0 	1 	0 	1 	0 	1 	0 	0 	0 	1 	0 	0 	0 	0 	0 	1 	0 	1 	0 	0 	0 	1 	0 	0 	0 	0 	0 	0 	0 	0 	0 	0 	1 	0 	1 	0 	0 	1 	0 	0 	0 	0
1272730 	0 	0 	0 	0 	0 	1 	0 	0 	1 	0 	0 	0 	0 	1 	1 	0 	0 	0 	1 	0 	0 	0 	0 	0 	1 	0 	1 	0 	0 	1 	0 	0 	0 	1 	1 	0 	0 	0 	0 	0 	0 	0
758484 	0 	0 	1 	0 	1 	0 	0 	0 	0 	0 	1 	0 	0 	0 	1 	1 	0 	0 	0 	1 	1 	0 	0 	0 	0 	0 	0 	0 	0 	1 	0 	1 	0 	1 	0 	0 	0 	0 	0 	0 	0 	0
959288 	0 	0 	0 	1 	0 	1 	0 	0 	1 	1 	0 	0 	0 	1 	0 	0 	0 	0 	0 	0 	0 	0 	0 	0 	1 	1 	0 	0 	0 	1 	0 	0 	0 	0 	1 	0 	0 	0 	0 	0 	0 	1
681886 	0 	0 	1 	1 	1 	0 	0 	0 	0 	0 	0 	0 	0 	1 	0 	0 	0 	0 	1 	0 	0 	0 	0 	0 	0 	1 	0 	1 	0 	1 	0 	0 	0 	0 	0 	0 	0 	0 	1 	0 	0 	1
1166024 	0 	0 	0 	0 	1 	0 	0 	0 	1 	0 	1 	0 	0 	0 	1 	1 	0 	0 	0 	1 	0 	0 	0 	0 	0 	0 	0 	0 	1 	1 	1 	0 	0 	1 	0 	0 	0 	0 	0 	0 	0 	0
1273016 	0 	0 	0 	0 	0 	1 	0 	0 	1 	0 	0 	0 	0 	1 	0 	1 	0 	0 	1 	0 	0 	0 	0 	0 	1 	0 	1 	0 	0 	1 	0 	0 	0 	1 	1 	0 	0 	0 	0 	0 	0 	0
1528833 	0 	0 	0 	0 	0 	0 	0 	0 	0 	0 	1 	0 	0 	0 	0 	0 	0 	0 	0 	1 	0 	1 	1 	0 	0 	1 	1 	0 	1 	0 	0 	1 	0 	0 	0 	0 	0 	0 	0 	1 	1 	0
972574 	0 	0 	0 	1 	0 	1 	0 	0 	0 	0 	0 	1 	0 	0 	0 	0 	0 	1 	0 	0 	0 	1 	0 	0 	0 	1 	1 	0 	0 	0 	0 	0 	1 	0 	1 	1 	0 	0 	0 	0 	0 	0
1488946 	0 	0 	0 	0 	0 	0 	0 	0 	0 	1 	1 	0 	0 	0 	1 	1 	0 	0 	1 	1 	1 	0 	0 	0 	0 	0 	0 	0 	0 	1 	0 	0 	0 	1 	1 	0 	0 	0 	0 	0 	0 	0
1193225 	0 	0 	0 	0 	1 	0 	0 	0 	0 	0 	1 	0 	0 	0 	1 	1 	0 	1 	0 	0 	0 	0 	0 	0 	0 	1 	0 	1 	0 	1 	0 	0 	0 	1 	0 	0 	0 	1 	0 	0 	0 	0
766828 	0 	0 	1 	0 	1 	0 	0 	0 	0 	0 	0 	0 	0 	0 	0 	1 	0 	0 	1 	0 	1 	0 	0 	0 	0 	0 	1 	1 	0 	1 	0 	0 	0 	0 	0 	0 	0 	0 	1 	0 	0 	1
1558577 	0 	0 	0 	0 	0 	0 	0 	0 	0 	0 	0 	0 	0 	0 	0 	1 	0 	1 	0 	0 	0 	1 	0 	0 	1 	1 	1 	0 	1 	0 	0 	1 	0 	0 	0 	0 	0 	0 	0 	1 	1 	0
1145181 	0 	0 	0 	0 	1 	0 	0 	1 	0 	1 	1 	0 	0 	1 	0 	1 	0 	0 	0 	1 	0 	0 	0 	0 	0 	0 	0 	0 	0 	1 	0 	0 	0 	1 	0 	0 	0 	0 	0 	0 	0 	1
1193213 	0 	0 	0 	0 	1 	0 	0 	0 	0 	0 	1 	0 	0 	0 	1 	1 	0 	1 	0 	0 	0 	0 	1 	0 	0 	0 	0 	1 	0 	1 	0 	0 	1 	1 	0 	0 	0 	0 	0 	0 	0 	0
456128 	0 	1 	0 	1 	0 	1 	0 	0 	1 	1 	0 	0 	0 	0 	0 	0 	0 	1 	0 	0 	0 	0 	0 	0 	0 	1 	0 	0 	0 	0 	0 	0 	0 	0 	1 	0 	0 	1 	0 	0 	0 	1
1485694 	0 	0 	0 	0 	0 	0 	0 	0 	0 	1 	1 	0 	1 	1 	1 	0 	0 	0 	0 	1 	0 	0 	0 	0 	0 	0 	0 	0 	1 	0 	0 	0 	0 	1 	0 	1 	0 	1 	0 	0 	0 	0
480617 	0 	1 	0 	1 	0 	0 	0 	0 	0 	1 	1 	0 	0 	0 	0 	1 	0 	1 	0 	0 	0 	0 	0 	0 	0 	1 	0 	0 	0 	0 	0 	1 	0 	1 	0 	0 	0 	0 	0 	0 	0 	1
906085 	0 	0 	0 	1 	1 	1 	0 	0 	1 	0 	1 	0 	0 	0 	0 	1 	0 	0 	1 	0 	0 	0 	0 	0 	0 	0 	0 	0 	0 	1 	0 	0 	0 	1 	0 	0 	0 	0 	0 	0 	0 	1
753354 	0 	0 	1 	0 	1 	0 	0 	0 	0 	1 	1 	0 	0 	0 	0 	1 	0 	1 	0 	0 	0 	0 	0 	0 	0 	0 	0 	0 	1 	1 	0 	0 	0 	1 	1 	0 	0 	0 	0 	0 	0 	0
558732 	0 	1 	0 	0 	0 	1 	0 	0 	0 	1 	0 	0 	0 	1 	0 	0 	0 	0 	0 	0 	1 	1 	0 	0 	0 	0 	0 	0 	1 	0 	0 	0 	1 	0 	1 	1 	0 	0 	0 	0 	0 	0
475937 	0 	1 	0 	1 	0 	0 	0 	0 	1 	1 	0 	0 	0 	0 	0 	1 	0 	0 	1 	0 	0 	0 	0 	0 	0 	0 	0 	1 	0 	1 	0 	0 	0 	1 	0 	0 	0 	1 	0 	0 	0 	0
1262859 	0 	0 	0 	0 	0 	1 	0 	0 	1 	1 	0 	0 	1 	1 	1 	0 	0 	0 	0 	1 	0 	0 	0 	0 	0 	0 	0 	0 	0 	0 	0 	0 	1 	1 	0 	0 	0 	1 	0 	0 	0 	0
451656 	0 	1 	0 	1 	1 	0 	0 	0 	0 	0 	0 	0 	0 	1 	0 	0 	0 	0 	1 	0 	0 	0 	0 	0 	0 	1 	0 	1 	0 	1 	0 	0 	0 	0 	0 	0 	0 	0 	1 	0 	0 	1
499103 	0 	1 	0 	0 	1 	1 	0 	0 	1 	0 	0 	0 	0 	1 	1 	0 	0 	0 	1 	0 	0 	0 	0 	0 	0 	0 	0 	0 	0 	1 	0 	0 	0 	1 	0 	0 	0 	1 	0 	0 	0 	0
1267010 	0 	0 	0 	0 	0 	1 	0 	0 	1 	0 	1 	0 	0 	0 	1 	0 	1 	1 	0 	0 	1 	0 	0 	0 	0 	0 	0 	0 	0 	1 	0 	0 	0 	1 	1 	0 	0 	0 	0 	0 	0 	0
939000 	0 	0 	0 	1 	1 	0 	0 	0 	0 	0 	0 	1 	0 	0 	0 	0 	0 	0 	1 	1 	0 	0 	0 	0 	0 	0 	1 	0 	1 	1 	0 	0 	0 	0 	0 	0 	0 	0 	1 	0 	0 	1